826510624846929920
826511778158817280
826511866193063936
826512399448547328
826512538716221440
826512747508686848
826514197748015104
826515102501253120
826515912962482176
826517544630509568
826519094606323712
826520571588472832
826521587117461504
826527184781180928
826528102624919552
826530521060634624
826530910434586624
826534037783183360
826537532405846016
826537919703810048
826537945519767552
826538699567534080
826539124664446976
826542451263410176
826544411144187904
826544769769697280
826545957663764480
826551814162100224
826553568312299520
826553804451696640
826557193176698880
826561071263670272
826562339063398400
826564371245473792
826565616408555520
826566759197011968
826566777647697920
826574005838737408
826574448291557376
826575458934390784
826575941967155200
826576629317005312
826578076163248128
826578208237711360
826583738461085696
826584083983638528
826584697744539648
826584727171723264
826585601491116032
826589362267815936
826589732889047040
826590340400431104
826594043643588608
826594237894496256
826595186314792960
826596135951224832
826598389647278080
826599560634056704
826602299883614208
826603775423045632
826605249674768384
826607865506963456
826608152233799680
826609383874424832
826609607049170944
826610472132759552
826613357516058624
826613786249424896
826614206594240512
826615535517315072
826620369909878784
826620803391377408
826622740647997440
826627327060754432
826627605252231168
826628613290078208
826629215248330752
826629433960259584
826634105605521408
826637310351507456
826638506629988352
826639415254646784
826642673176027136
826644169699504128
826655203873189888
826660221397397504
826663742242951168
826673401007788032
826686501069082624
826686757513023488
826694842960863232
826697101098745856
826710730632228864
826716582382497792
826731555116765184
826740762738094080
826749254597107712
826750031495434240
826750357443321856
826753914074603520
826763837605081088
826772876577611776
826774432198819840
826775346871676928
826776746280230912
826781046221975552
826781933090639872
826786936232648704
826787876864155648
826790276379320320
826796847343816704
826800195585318912
826802352409739264
826807032338591744
826807925255634944
826811535884423168
826812751712550912
826814390783660032
826815659015274496
826818511716614144
826819081453998080
826822154943594496
826822595114852352
826822824501399552
826823567883001856
826826401823199232
826828237602975744
826828992208568320
826831837938991104
826831898815119360
826834033778782208
826834786807226368
826836355896446976
826841379208826880
826843318684299264
826844197244325888
826845654785855488
826845940682207232
826846408313602048
826848973230993408
826850788542709760
826854904933212160
826855139923341312
826859646438694912
826860690988269568
826860995083640832
826862664848646144
826863338135093248
826864282222678016
826864407720390656
826865582758907904
826867079739559936
826870077169553408
826873113673621504
826874392621637632
826875131653787648
826879742376804352
826882558319267968
826883434534535168
826884661464952832
826888768938467328
826890699748540416
826893181493112832
826895287365038080
826899552313696256
826899569611005952
826900186660294656
826906311715594240
826915065500557312
826926998119407616
826927169603567616
826929857166790656
826937853733138432
826939579051565056
826939849219387392
826942630466555904
826943025498685440
826944654461505536
826947059131506688
826953620885102592
826955158257033216
826955440437284864
826957758155124736
826960460960428032
826965915514216448
826967177475530752
826967651289354240
826970865090883584
826971622343114752
826971911666225152
826973859236683776
826978365584338944
826979411626958848
826979555353075712
826982899849232384
826983978645221376
826985509939458048
826988390646239232
826990081470775296
826990568114892800
826993618078560256
826995825196797952
826997841784627200
827000395918606336
827001303691849728
827001800880484352
827005565486370816
827007105349648384
827009461533437952
827012862686158848
827016435448832000
827019757278859264
827020657389162496
827020885185929216
827021368889851904
827022457664131072
827026326485823488
827027210561286144
827027305298018304
827027350952960000
827027467957334016
827029483861442560
827030071210749952
827032560660336640
827033101557755904
827034388143681536
827039889300475904
827041198502187008
827043296304254976
827044114361417728
827044713836511232
827046239023820800
827048907322617856
827050747711934464
827055968458592256
827056777875320832
827068126298771456
827070350051700736
827078627959336960
827092885044498432
827100672675954688
827108473523621888
827108524769554432
827110537003573248
827114833225060352
827117364789510144
827127959039324160
827130049753186304
827130069638221824
827130662700347392
827131859876331520
827132802285973504
827133054116253696
827133240209072128
827133295607500800
827133328591433728
827133373516697600
827133398598574080
827133421872766976
827133444442382336
827133494774018048
827133520778715136
827133588080431104
827133612713668608
827133640228233216
827133671345790976
827133700936568832
827133723518701568
827133747514339328
827133774395629568
827133813830537216
827133855194714112
827133881698488320
827133898685607936
827133907451514880
827133952045355008
827139996150878208
827145887126257664
827147980637618176
827148600530591744
827148832492363776
827149047341400064
827151319412637696
827156501114531840
827158400953831424
827159077927141376
827162158785974272
827162740317941760
827164886404837376
827165278995873792
827165409463775232
827166600105250816
827169019853561856
827172032412577792
827172072661061632
827172478405447680
827174990248304640
827175222843494400
827179304597458944
827180544463163392
827180944998166528
827181349173764096
827183136685559808
827188327703003136
827189458516766720
827189597864083456
827189827741351936
827190066040672256
827190173335244800
827190794880765952
827194361561612288
827195408711573504
827195523715231744
827196462236721152
827198659418783744
827198689764589568
827198999136501760
827199289986269184
827204202346725376
827207358359146496
827207964138299392
827211061287907328
827211240258863104
827211390385549312
827212558796886016
827212600442232832
827212782571442176
827213357778362368
827213464569536512
827214594489716736
827215611059175424
827216878657556480
827217474567413760
827217760216166400
827218589757251584
827221686030319616
827222579958206464
827224594968875008
827226134031060992
827232135949987840
827232979764334592
827233206038646784
827234626024337408
827235311486918656
827235909892345856
827238844022005760
827239457455796224
827240354969767936
827241547276091392
827242565724409856
827243283260780544
827243374604386304
827244078958047232
827251542847844352
827254027863748608
827255860954927104
827257266780852224
827260410222964736
827260604272373760
827261733022470144
827261826131861504
827262390764916736
827262743140917248
827263872725692416
827264337030963200
827265883802267648
827265985711206400
827266585475719168
827267119184171008
827267442762145792
827267807314219008
827267970774626304
827268205815099392
827268297464778752
827268696456388608
827268727011827712
827268984454066176
827269097679265792
827269475212726272
827270117960540160
827270248994725888
827271289362477056
827271479133818880
827271834278125568
827272082874519552
827272910611963904
827274779581304832
827274878260645888
827275561835720704
827275704043659264
827276005265911808
827276041898979328
827276261965787136
827276308539338752
827278027570630656
827278176871026688
827279282497949696
827279624195317760
827279706021978112
827279767841828864
827279854630363136
827280339668131840
827280425676451840
827280681185054720
827280949041721344
827280983527346176
827281227203825664
827281410167705600
827281801706037248
827282218154201088
827282571000098816
827282642085171200
827283608528265216
827283631378821120
827283966314962944
827284118211670016
827284629925175296
827284728747216896
827285153139470336
827285362095448064
827286330874884096
827287284600840192
827287361184743424
827287462317748224
827287494626594816
827287818502340608
827287884197744640
827288305196740608
827288480036184064
827288587569885184
827288670759706624
827289155428311040
827289761404637184
827290674554867712
827290812983697408
827291892081688576
827292521382424576
827293795838476288
827294041599594496
827294171480342528
827294379211624448
827294713942269952
827295307528597504
827296079368450048
827296750817906688
827297064300077056
827297069689868288
827297391632117760
827297538432782336
827297879966486528
827297983272214528
827298538719760384
827299421704552448
827299687942209536
827299871329808384
827300160334131200
827300210653143040
827300682835308544
827301397833998336
827301615535345664
827302042519629824
827302364742717440
827303969101746176
827304015960621056
827304340272484352
827304591343579136
827304755579940864
827304843173830656
827304877105803264
827305049512607744
827305157130067968
827305170597851136
827305237882900480
827306199498514432
827306624297660416
827306957606260736
827307297319686144
827307450340614144
827307809452728320
827308663673090048
827309374070730752
827309934169702400
827310100553617408
827310184729018368
827310481530576896
827310510555164672
827310529110765568
827310781062586368
827310832073732096
827311028887183360
827311287411556352
827311289248550912
827311530937090048
827311686965080064
827312528560623616
827313214073434112
827314959948316672
827315343517446144
827315389973557248
827315917503672320
827315934541017088
827316011573641216
827317180006014976
827317379113820160
827318280348131328
827318319938150400
827318465258192896
827319173986603008
827319307008876544
827319620910604288
827319992714723328
827320108959698944
827320891746959360
827320923187355648
827321328621514752
827321412444704768
827321412683759616
827323543125889024
827323818880356352
827324742252261376
827324795691921408
827325352448053248
827325752592986112
827327189951594496
827327845831544832
827328054271864832
827328242784825344
827330701456502784
827330746771767296
827330859719995392
827331513557536768
827331705270857728
827332299607928832
827332526440116224
827334690206007296
827335209121034240
827335328855838720
827338534549934080
827338620558262272
827338814733611008
827339856657412096
827340991598170112
827341295505006592
827341393370685440
827341679531225088
827342988217049088
827343308758323200
827343684161175552
827345065198632960
827345632918638592
827346077535838208
827346794686316544
827347491775451136
827347757597761536
827348195034406912
827348694139703296
827348959643316224
827349010918805504
827349271351529472
827352085876371456
827352309529268224
827352548365434880
827353522555478016
827353868220653568
827354043517382656
827355132035727360
827355509275684864
827355511515467776
827356011635802112
827356404793106432
827356415069020160
827356517254971392
827356615653412864
827356826006122496
827356985960054784
827357314176802816
827359125097107456
827359571014512640
827361355997016064
827361885380960256
827362802457255936
827366000492421120
827367732328939520
827369593240948736
827370692756766720
827371583052222464
827371693593227264
827375661094408192
827376141036113920
827376479625318400
827377315575324672
827377563307696128
827378006901485568
827378700647739392
827380786668056576
827380855488196608
827380900207878144
827381186280382464
827381434197225472
827381434247581696
827382449206288384
827382519188246528
827382813036982272
827384065279959040
827387079961161728
827387768787447808
827388203707494400
827388478417539072
827388694789136384
827390284568809472
827390354894659584
827393647251296256
827394004589240320
827394467334230016
827395793493512192
827397882269487104
827398534123057152
827399258487738368
827399473013813248
827400091061227520
827401564528615424
827404730066296832
827405398835548160
827407110715564032
827409450289991680
827410446860771328
827410799224315904
827411456471683072
827414065265782784
827414534948155392
827414899571748864
827415486669389824
827422600229842944
827424914185428992
827427198307020800
827428111453143040
827430531331739648
827433046882267136
827435609757274112
827440236208676864
827442657039380480
827445365381201920
827455300026249216
827456280545497088
827464979704115200
827466962062159872
827470909711712256
827475440495325184
827476232233156608
827478212372467712
827480352402837504
827480409281748992
827480846290522112
827483618100523008
827484945648074752
827485817400614912
827485986242326528
827486547612200960
827488857289551872
827488897504538624
827488939615334400
827489259699453952
827491159064854528
827492144315240448
827492769400750080
827494823464751104
827495592741974016
827495716331388928
827496350396739584
827496506341072896
827496795131543552
827498620865875968
827500213661270016
827501704883093504
827502039924146176
827503743931469824
827504118117781504
827505628042129408
827507468091658240
827507577449750528
827508298538639360
827508844607647744
827508975998468096
827509984653094912
827510341298950144
827511786266042368
827513391640109056
827513436355624960
827515003729301504
827516062707101696
827516579751436288
827519212163842048
827519223782055936
827520646330593280
827520803247882240
827526020920176640
827529698213298176
827532905694056448
827534463651475456
827534608837263360
827534754664873984
827535127660093440
827535496708550656
827536392632823808
827536607003688960
827536669431717888
827539162899345408
827539467284127744
827542417406574592
827542646189088768
827543214525644800
827543230053019648
827543650775076864
827546582568558592
827546663355023360
827546798914994176
827547159293616128
827547189853483008
827547252147236864
827547929758068736
827550291553837056
827551247431516160
827553112332185600
827555273514549248
827555524422033408
827556599661105152
827556828896690176
827557834732793856
827557911287181312
827558444282630144
827559566762205184
827559587985383424
827559820786036736
827560999435792384
827561326327234560
827561521312124928
827561858773241856
827562763903967232
827563382807072768
827565656686129152
827566879128612864
827567598443323392
827567618160746496
827567872402608128
827568335508299776
827569670467227648
827572006874910720
827572366855196672
827572645986185216
827572999574450176
827573112971595776
827573474986057728
827574726419677184
827574914936930304
827577270122340352
827578065375080448
827579702525181952
827579766756753408
827581733382021120
827582096281448448
827582177479098368
827582477111812096
827582530723409920
827584520782282752
827585763193786368
827586101904756736
827588372596035584
827591673869959168
827592736488435712
827594327018917888
827596162555326464
827596533205966848
827596601573199872
827596711732314112
827597575238844416
827601315723407360
827606040183181312
827607319336853504
827608053105172480
827609161106071552
827609549838413824
827609897218879488
827610109601837056
827612585197502464
827612618797912064
827613090975977472
827613530400624640
827613539313541120
827613857724133376
827615026122993664
827619177410228224
827619276282400768
827619412932968448
827619426493100032
827620457226584064
827621723226984448
827622819479576576
827622836487471104
827623058211008512
827623377938554880
827623955745775616
827625231867056128
827625239014019072
827628512198721536
827628959621840896
827629552574803968
827630697984598016
827631640289632256
827632772470755328
827635306262192128
827636274106335232
827637553226395648
827639564726579200
827640059356704768
827642493445472256
827643057537380352
827643321950490624
827645126935732224
827645704583598080
827646762198368256
827648393996558336
827649499841564672
827650743020687360
827651171061952512
827652333077139456
827658957028220928
827659995441401856
827661823960817664
827662405366906880
827662619104382976
827664952928382976
827665294621601792
827665715188604928
827666403041828864
827667773010620416
827669787895545856
827669805717155840
827672572431056896
827672897166602240
827674144095494144
827674621579243520
827674756870762496
827675353397080064
827675951341400064
827677279891267584
827679471603970048
827679527954427904
827680660194078720
827686887095623680
827688921689681920
827690555048071168
827690933449850880
827692922418188288
827693586221322240
827695107956699136
827696582762061824
827697051307745280
827697970007175168
827699112581726208
827700456487079936
827701118453035008
827703086265217024
827703444014235648
827705474476810240
827707321929363456
827708859938697216
827712937750097920
827713294010032128
827714573683789824
827714980380344320
827714994649247744
827715003176349696
827715453145460736
827717501576441856
827720576118702080
827722901415743488
827724566508212224
827725479234899968
827726116341288960
827726197161238528
827726583557337088
827726714033864704
827726790856757248
827727375563636736
827729890837458944
827730052490076160
827732864104005632
827733991788859392
827734442638708736
827736286551216128
827736454373711872
827739254801448960
827739276028866560
827739566572437504
827742033934688256
827743776772849664
827745539118731264
827746901340459008
827746964905144320
827750588414832640
827751052183212032
827752320364605440
827752636829007872
827752725387542528
827753633852841984
827763528169902080
827769199439335424
827771395849519104
827772774575792128
827774665133285376
827786099447705600
827790738624651264
827792423745155072
827804424127049728
827823331336392704
827829932206223360
827834368047583232
827834606997139456
827836667700580352
827843701401600000
827849514451099648
827852357174165504
827853170038632448
827857573978185728
827862435658866688
827869500896866304
827869959980187648
827870011557449728
827870487241977856
827871133156438016
827872142322761728
827873211652124672
827876726030135296
827876979240222720
827877242478919680
827878249057361920
827882069950881792
827886889927577600
827887881779834880
827891079194226688
827891709312786432
827896122865770496
827899735046504448
827901083557195776
827901570838835200
827902070330109952
827905473861058560
827905574885060608
827912063867514880
827915594087411712
827916946163265536
827918374055211008
827920437317365760
827922301060538368
827922365103366144
827923809168551936
827928353415983104
827930963816697856
827931674319020032
827935068257542144
827935199619072000
827936284337283072
827938559675883520
827940938181988352
827941059745308672
827943158638010368
827946466534645760
827948614303363072
827949088108924928
827950340439932928
827953468061081600
827953511014989824
827960800727986176
827961640251486208
827962394974572544
827963475443871744
827964690982580224
827966666109751296
827967140254842880
827969451844775936
827970851492421632
827983851402059776
827984113890160640
827984202989592576
827985483221327872
827986119816003584
827990641057619968
827996004939034624
827996056558280704
827997652243582976
827997903482404864
827998111926738944
827998456975351808
828000255652220928
828000439194890240
828000667251929088
828003727122378752
828005857686327296
828009895064592384
828011716273401856
828012288670068736
828015157607555072
828016353516863488
828016922671403008
828017139235827712
828020497082355712
828021556244774912
828024572947656704
828024988204728320
828027793330012160
828032106915717120
828033703435710464
828035833512865792
828041363241447424
828041367377084416
828042892736360448
828043096625643520
828043850195226624
828046102553194496
828048619798462464
828053427083165696
828056651563298816
828057501929185280
828058752419033088
828058763164782592
828058805233672192
828058826863734784
828059540356788224
828059967907299328
828060006939500544
828061657758838784
828061738184478720
828062313404100608
828062435227602944
828063285526331392
828065967531888640
828066413478830080
828066497197125632
828068040684294144
828070033012228096
828070059482419200
828070196317401088
828074773053919232
828075682433482752
828075900516315136
828078965126529024
828080578444525568
828081521085005824
828083095874203648
828083371829964800
828083972164947968
828084463414435840
828085946478366720
828087998872969216
828092158645149696
828093713062572032
828094413540835328
828096837471068160
828099170149994496
828109308357394432
828130594198425600
828130750256017408
828131564303310848
828137852512788480
828145399143686144
828146843951378432
828149468650414080
828149543065653248
828151570432864256
828159181081309184
828192580001206272
828196444775411712
828202816896434176
828208251820929024
828225606466826240
828227130899181568
828227742122508288
828232692374335488
828232869608845312
828234414547206144
828236722391638016
828246682450149376
828248443864748032
828249226295472128
828250055907880960
828251111240957952
828259063020527616
828259995128979456
828261779360714752
828264549237166080
828264960379670528
828268498551967744
828272883252072448
828282443983630336
828284036074201088
828290027662737408
828295288758665216
828298181012131840
828300886195593216
828300992890351616
828305518326341632
828305682562695168
828314823582765056
828316725254844416
828317317595553792
828320183861194752
828320335711854592
828323106083135488
828323123221131264
828323827016888320
828324145226096640
828327798762721280
828329080466534400
828329817929969664
828331174095319040
828331801147891712
828331958220550144
828333904482406400
828336813882372096
828340313332862976
828345444929527808
828346279809871872
828346752994594816
828348352978784256
828349080128614400
828349083790241792
828349083844767744
828351854450982912
828351932414697472
828352515397783552
828353390040186880
828362656947920896
828364658415456256
828368398350381056
828371127789510656
828372540301127680
828376859104641024
828381741412925440
828382128706617344
828384070308655104
828387391861817344
828390588001222656
828392473386946560
828397500260352000
828398823131082752
828399034356342784
828400924284563456
828405825513218048
828409249935958016
828414494154031104
828414888989061120
828415988538408960
828416757438304256
828421674093670400
828423501174300672
828423520233390080
828426563645558784
828428896756498432
828429503093415936
828429907252359168
828430658129317888
828435549333622784
828435960807436288
828436367835353088
828438946476650496
828441677115297792
828444907744419840
828446402946748416
828451766169595904
828453271505231872
828454316566573056
828454633051926528
828458563609694208
828460452086677504
828466128280236032
828466304441077760
828468361126227968
828470629619875840
828476950888980480
828477071831601152
828477472895279104
828480622666584064
828482538142330880
828482794317819904
828483516144971776
828484327826739200
828488000711561216
828489195010322432
828489353395462144
828492286430498816
828492440986382336
828495029933047808
828496250748022784
828503880371671040
828517902680592384
828538849383051264
828543855217745920
828558975083872256
828560623290216448
828561154406498304
828561904557764608
828568862228627456
828570417422008320
828588133084184576
828588580939452416
828593518151090176
828599352973283328
828599601984847872
828602890923212800
828603008468529152
828611567469989888
828611702262480896
828613807505170432
828614113932648448
828617207206678528
828628127328792576
828636370587508736
828638139061243904
828639194599784448
828639265718419456
828645062196199424
828645085302706176
828646797052608512
828647981448564736
828655173522296832
828657713961857024
828658811992944640
828659938184527872
828661362721222656
828663559018135552
828669995936739328
828672161221050368
828674053766529024
828675900350689280
828676494188703744
828676578242502656
828680745895944192
828680780444528640
828680957058220032
828685876100202496
828688601638645760
828689549958184960
828692401246048256
828693459922014208
828694845552226304
828695012334530560
828697899232018432
828704331083939840
828704501548716032
828708956545630208
828709276877209600
828710790924378112
828716147847606272
828718778963726336
828719616159518720
828721806118965248
828726831461257216
828728439666524160
828729256419155968
828730454878613504
828730706826235904
828731206321786880
828733209156415488
828733843800743936
828734303689400320
828734550771585024
828735313094774784
828737540760956928
828739218386145280
828741580727087104
828742572399063040
828749786564157440
828753175909892096
828758850463551488
828760135728140288
828764566725222400
828766081078718464
828767179130540032
828772293069246464
828774991030259712
828775046516789248
828781285652955136
828781548816195584
828781783051177984
828783624082300928
828784364519555072
828787203639754752
828793424299962368
828794440022106112
828795231202066432
828798520350093312
828799457940664320
828803336128307200
828804805619548160
828806671191404544
828808117542596608
828809764138266624
828810617330896896
828811566703341568
828813738958536704
828813905048776704
828814944175022080
828815399294746624
828819567963156480
828820483831382016
828821044798427136
828821215745814528
828826451499638784
828829012617228288
828833725483982848
828834205916295168
828834483365351424
828841740815699968
828845332708675584
828868813609275392
828870325681213440
828876079091765248
828876730072961024
828879816225124352
828888694341898240
828892492783185920
828892807989334016
828899267850825728
828899614161899520
828912472027516928
828923055896481792
828927497429405696
828928927955566592
828931509298028544
828931938262081536
828937140096602112
828938996613005312
828941653289361408
828944909986054144
828945132959449088
828945300190531584
828947450312458240
828954270208819200
828954815451500544
828956182542946304
828963820085379072
828964337075253248
828972653541208064
828972915106443264
828973081284734976
828975770483748864
828976702499934208
828977880428339200
828979530090049536
828982363208163328
828982548063727616
828983830295896064
828988036624953344
828988046322315264
828998481817792512
828999979675041792
829003226674503680
829007778534526976
829008575242633216
829008976671019008
829010155958321152
829016542088163328
829018825962221568
829019789087617024
829020627784839168
829020722085392384
829020729068908544
829022603784384512
829022901902925824
829023697239416832
829024283921772544
829024467338817536
829024748029882368
829025624081760256
829025977850265600
829027836103163904
829029167714926592
829030093058084864
829030423724511232
829032564199391232
829032719690715136
829040021344645120
829042326429429760
829042474207309824
829044405956927488
829045702172905472
829046265069654016
829050482622660608
829050709299470336
829064844632539136
829066270523920384
829067366273339392
829069456026525696
829070436696805376
829073472340922368
829074912589418496
829083651325444096
829084642359676928
829085320834646016
829085839581921280
829087187052462080
829089566304911360
829091697648873472
829093361621549056
829093580983631872
829093788522049536
829095575752564736
829096373714898944
829098036416622592
829101025625776128
829103140221878272
829106018969858048
829108602040299520
829110020524478464
829110677759483904
829111450647957504
829112110386778112
829112178082975744
829113349988352000
829114414586531840
829119717298237440
829124456773623808
829127151299461120
829130006534070272
829133752030814208
829133941110095872
829135902018506752
829137803342516224
829137877380513792
829138240116506624
829139041094230016
829141420887846912
829141512734855168
829143014824148992
829143868234887168
829149232372146176
829150417342840832
829150545206145024
829151847126544384
829152157668499456
829152239004635136
829157761271226368
829160406694428672
829162259846950912
829162719974653952
829163342958829568
829164556916133888
829165998871867392
829166173254275072
829167472133697536
829167513544118272
829169094532411392
829172871410941952
829172885604487168
829173662712475648
829175113417424896
829177141912809472
829178391995625472
829179998703611904
829180864533757952
829180945026609152
829184156282322944
829187518151155712
829190263981666304
829190285729026048
829191373286932480
829192177775411200
829193282458624000
829200439686074368
829203447622811648
829209256457072640
829212025645629440
829246641215385600
829262876896534528
829266222697082880
829266490838941696
829276785569329152
829278552214364160
829286679932436480
829287232636932096
829301868505526272
829304203101220864
829304971363491840
829307060038799360
829307933938872320
829308054709628928
829308363309797376
829322311929040896
829323934269050880
829328914732478464
829334522885988352
829336561930035200
829337957458903040
829338499266519040
829341717178499072
829343087298244608
829343263777775616
829343526790057984
829344519707561984
829346327205027840
829349499227213824
829354424669716480
829360529365929984
829361109442392064
829361507506991104
829361579313491968
829361620082106368
829362686777552896
829365441067892736
829365543744446464
829367631241097216
829368386257817600
829368722964041728
829369077919543296
829370193491161088
829370771965411328
829372160154169344
829372554565578752
829373058939023360
829375129310334976
829377520860532736
829381910061252608
829384640599318528
829385662868705280
829386698094166016
829387488921653248
829400082181128192
829403247928606720
829412098811822080
829412130369609728
829412489926303744
829412729941327872
829414625594769408
829418126756413440
829419599229755392
829420216727793664
829420532881711104
829428116271595520
829445961575378944
829446010820702208
829449533096501248
829449985976590336
829457054129647616
829459647018864640
829466061074464768
829474537590898688
829477137551863808
829479499494465536
829479529181753344
829480438431412224
829481566707515392
829489984461758464
829497402134388736
829500258719789056
829501241147297792
829502370459615232
829502767727308800
829503265360510976
829508391076655104
829510186754834432
829510284087848960
829512643954118656
829513709940768768
829527314413342720
829528645806886912
829529845344374784
829535929941577728
829536112792260608
829537515409383424
829538452689526784
829544466063044608
829548710128402432
829550604037013504
829552450457763840
829553445065613312
829563981777899520
829581703605727232
829584626016460800
829586209462681600
829587402163355648
829589356742578176
829590405104750592
829591242141007872
829599019978616832
829609882110275584
829626238004232192
829659498151153664
829660492117323776
829663281195450368
829666451334258688
829678354374733824
829678469986541568
829678936468631552
829685263177756672
829688846912733184
829692054699704320
829710312001695744
829715870339497984
829717299003273216
829721409610010624
829722278585835520
829723184295530496
829725921695383552
829727396693757952
829730070738644992
829733038133231616
829733566577643520
829733673360564224
829734095466983424
829734359318032384
829735061654216704
829735684906897408
829736121718468608
829738744882290688
829739070490238976
829742455914430464
829743528725118976
829746221950529536
829749224296157184
829753241453858816
829754508821426176
829756726177996800
829761666980118528
829762025647661056
829762380733280256
829763414058745856
829763416231464960
829765069990879232
829771386478592000
829772278787252224
829775261377949696
829775724726845440
829777153361330176
829779226819751936
829780014153469952
829785226746462208
829785813600829440
829790781540024320
829803060553666560
829807507669385216
829809195570434048
829814190206390272
829817520496451584
829819663852855296
829822707793526784
829826789262389248
829827342365229056
829828850410463232
829835511527272448
829836224122740736
829840238679883776
829841547793412096
829844329434869760
829844454760673280
829845587612667904
829848378141970432
829849205690793984
829854651256274944
829863693311696896
829866266731171840
829879989499633664
829884650642427904
829888136020901888
829889360921239552
829893224756047872
829898660305592320
829901844965056512
829902687336546304
829903817550487552
829910677309444096
829914648732454912
829916620172652544
829920055680983040
829936442985951232
829952801547628544
829968952193347584
829968971851984896
829970242839379968
829982697057550336
830004847638360064
830006752481509376
830007309531222016
830013976222265344
830014912680312832
830028256325795840
830028529320464384
830029258756091904
830035195373953024
830040555195293696
830047133403344896
830054588170526720
830055412066054144
830055800261459968
830056243440058368
830056590791344128
830063605995298816
830078909941166080
830087989254553600
830091589406048256
830092072346595328
830094566707560448
830094922065797120
830095445942759424
830095920838619136
830097085739499520
830101222455705600
830103236207980544
830107757504258048
830113573334560768
830116085336784896
830117367464214528
830117543092293632
830119248450158592
830125041778057216
830128420759695360
830129458275373056
830137552548012032
830145829025546240
830149117162582016
830150705478504448
830155850325032960
830156823613337600
830164837594497024
830167100392095744
830167814430478336
830184111591432192
830186028099043328
830186559823556608
830187240366206976
830193958311583744
830194961253531648
830195898416320512
830201057707831296
830205653318668288
830214513077211136
830216641694793728
830220185596526592
830220567940911104
830220746785828864
830223912239820800
830224584611880960
830226599408713728
830233840161533952
830237487591194624
830240333212577792
830242794841190400
830249079917707264
830249091582025728
830259342733631488
830261591400710144
830263032760659968
830268012083179520
830271335636955136
830277907490697216
830295459973431296
830326586599731200
830328672162762752
830333131156750336
830342087975456768
830347468449673216
830363759826792448
830392187871457280
830394083013193728
830396292660592640
830398288918519808
830406249929924608
830406698938556416
830413763857637376
830414021488635904
830417103077392384
830418333983977472
830424373915942912
830428765264179200
830431658033741824
830432011126988800
830436770231746560
830437185262321664
830445937071890432
830447100743725056
830457626995650560
830461955257278464
830466466176712704
830469164624027648
830469485912002560
830471343170842624
830471518442360832
830477620173213696
830482347090849792
830484296230174720
830486560432873472
830491830001270784
830492694745059328
830496276282167296
830496527101599744
830498537544749056
830502287671955456
830503836292898816
830504198676606976
830506941323571200
830511965831360512
830513062172119040
830514747829284864
830524686333333504
830526559375212544
830528588118114304
830544567434829824
830547709404803072
830547879701934080
830549062776680448
830551480679747584
830561454990454784
830561541220995072
830562017396273152
830580429254180864
830581479671361536
830584048221298688
830586589885636608
830591744978849792
830599829168541696
830600561808515072
830600771083177984
830616425068912640
830624743934066688
830630581893480448
830645689101275136
830656228581793792
830660916408680448
830660925791232000
830661055042961408
830681039072804864
830696345572884480
830699085560676352
830749798554812416
830753361112752128
830761168843194368
830773419918639104
830779490905227264
830812436974465024
830813119899385856
830823332245291008
830824188248203264
830826661314703360
830830752673718272
830843602662211584
830846683550535680
830852136967757824
830852730621218816
830858589401030656
830864704008499200
830869330774675456
830874121420599296
830878886246363136
830880526156386304
830887382568288256
830887982072725504
830896177935745024
830901128703393792
830901794167455744
830902962796929024
830911779920347136
830918447555018752
830919979163725824
830926122439307264
830933476673191936
830934709903450112
830942816985563136
830946580064792576
830947140285259776
830947705719500800
830949285218906112
830950672682020864
830960365605302272
830962213636694016
830962949627994112
830964303171899392
830967769763962880
830968641889918976
830972988027699200
830976421497552896
830982431847104512
830985070458593280
830990192261611520
830991850534170624
830992161223143424
830994480249585664
831021348352823296
831029184172584960
831088306444185600
831092656675647488
831117979198709760
831121964676689920
831125750292082688
831131888043569152
831139522788343808
831141879517425664
831143274836533248
831158266843508736
831163414789636096
831165385856708608
831168853325578240
831171681729249280
831171700381212672
831177074056560640
831177684680048640
831179037624168448
831179194264670208
831179313823281152
831185454993117184
831195353370226688
831201575515340800
831203555612700672
831204387032801280
831204482839171072
831205922450059264
831209071810330624
831217078925393920
831219403215749120
831224068393299968
831234112258195456
831234506233360384
831248953878409216
831253602224177152
831255638579613696
831256971714117632
831259869646688256
831261411875680256
831264428687499264
831276099778719744
831279912669491200
831280975736889344
831295129142976512
831304189695266816
831305204821848064
831308911009476608
831309768161628160
831310987735207936
831312867471290368
831313762770644992
831320083561525248
831321487734763520
831324605482676224
831325337640435712
831325375816949760
831325638439088128
831326391115333632
831328815443894272
831331043705810944
831332255775744000
831332446973071360
831332912708608000
831339423568637952
831342826461933568
831345228980375552
831351769590427648
831357385721704448
831388914988388352
831410314726014976
831450917228703744
831460137936097280
831475308289101824
831483994541809664
831488250548199424
831488967740633088
831503129879379968
831504267534016512
831508849488232448
831514802065436672
831516823854133248
831528689942814720
831529279661993984
831529781355216896
831540681990619136
831544364556046336
831552415983865856
831556289427808256
831559498506465280
831571460422512640
831573557637443584
831573728446263296
831575425495212032
831579308741259264
831579678351687680
831588936401223680
831596083080024064
831604370387120128
831606295086170112
831606679238217728
831606909228634112
831609425496530944
831614224229027840
831615757733732352
831622974503411712
831623414582476800
831623905878036480
831626881229324288
831633119174332416
831635712176975872
831636161873350656
831637012918657024
831644298789523456
831644445133115392
831644882364030976
831660479575629824
831660499834064896
831666429430755328
831667436701220864
831667592624472064
831675834658410496
831675933551652864
831684780827738112
831686266605428736
831686995575468032
831687725359194112
831690167358468096
831691156211777536
831692050961690624
831692917156827136
831695831136772096
831696209505026048
831697256675934208
831697379447353344
831700142025646080
831703591018754048
831706627011182592
831710389394141184
831713496060555264
831715858212933632
831716923402485760
831723810537627648
831732790257393664
831742055080722432
831746916312563712
831749487609729024
831753295106564096
831806260542582784
831833771569770496
831844585252851712
831847804448436224
831849080175415296
831852551905619968
831854294475354112
831858169575936000
831860908330737664
831866654661410816
831870959883788288
831876689026281472
831877964560232448
831879124478283776
831887795274838016
831891945643528192
831897343263965184
831898429861171200
831898514175225856
831898516792315904
831899046151327744
831899511857483776
831900321731457024
831900441084514304
831900519018881024
831901206415028224
831901444018208768
831901459985887232
831902210086801408
831902296833421312
831903158838317056
831904252427542528
831905223778172928
831906137511444480
831906359247519744
831906970856722432
831907377716817920
831908314262958080
831908881408331776
831909010215415808
831910448991707136
831911049406345216
831911963814932480
831912792659750912
831913282495770624
831913593591517184
831915136797507584
831916628015247360
831918332739780608
831920285347696640
831920961477808128
831922399297884160
831922571926970368
831923543248105472
831924691698929664
831927063359713280
831927071286915072
831927651254288384
831928848782598144
831929769545592832
831932876547571712
831933848917331968
831934372517384192
831935246249529344
831936949229195264
831938631132708864
831939374946349056
831939612604039168
831942325999960064
831944189109796864
831946504533377024
831948454343606272
831950843914039296
831952749726224384
831952973790117888
831954776849944576
831955022439026688
831956129949351936
831967608945655808
831968628052545536
831968990427746304
831974762377158656
831975498502676480
831976053031653376
831978690489769984
831978813957496832
831979468289892352
831981723386777600
831982642593677312
831983210527604736
831983254018392064
831983771645775872
831992565671006208
831992721179029504
831994058881003520
831994408421752832
831995291305914368
831997208371294208
831998939385700352
831999910069182464
832002059842969600
832002060392525824
832004861709471744
832005208184090624
832006836886839296
832007370746318848
832009030679805952
832009796043825152
832017697839992832
832019378912710656
832023048618463232
832024997145231360
832036691695325184
832039290431488000
832039915013578752
832042181049405440
832048738264875008
832049387874443264
832050113199603712
832053244440485888
832053379014807552
832053715712483328
832053887783706624
832057614318104576
832063218482806784
832071533778579456
832084616647438336
832085084928954368
832091153994387456
832092930907238400
832093284197662720
832093560598102016
832093574502182912
832094573203746816
832096002400202752
832096925428035584
832101754330189824
832111659481042944
832137698362155008
832196512377626624
832197696362573824
832208451019296768
832210481511280640
832210925797179392
832213290965225472
832223410386255872
832223974046126080
832224689166700544
832226631792078848
832227596637200384
832229043110031360
832229392768176128
832233375339515904
832234116850577408
832234364251553792
832234542496886784
832234744192581632
832234927039119360
832235092860891136
832235269193609216
832235777786511360
832235974306459648
832241177382440960
832242107108773888
832243749610733568
832245059085021184
832247122598584320
832248660771688448
832248889105317888
832248995485515776
832255740161044480
832256618158960640
832264182141767680
832266408536977408
832270131308867584
832270947616960512
832276926991630336
832277176942727168
832287337610674176
832290313662144512
832290592981790720
832291347570839552
832293972089438208
832294055564410880
832295466486333440
832296236304719872
832300590180900864
832301017865785344
832303886866141184
832306449929879552
832311742894063616
832316270095724544
832318805397368832
832324016853614592
832337824410193920
832340092987514880
832340532479172608
832346443633537024
832351118000799744
832352424446660608
832358155250171904
832358669278965760
832362029654630400
832362644359114752
832363588773957632
832369641678860288
832378067645513728
832378441043410944
832378997820551168
832379895951085568
832382934388768768
832385006161055744
832385989020631040
832387498022170624
832394926767878144
832397538091229184
832401378630836224
832404935924920320
832408121532366848
832408861755711488
832411767724769280
832412501216210944
832417922530304000
832430578330804224
832431471763746816
832432013944639488
832433682283712512
832434711184207872
832447782229143552
832457941068369920
832458234074009600
832458441813733376
832461961078075392
832466355030945792
832466605615435776
832466923568783360
832467401795006464
832472612034842624
832480886834679808
832497257484283904
832502535768403968
832553491575009280
832560396045271040
832570883227189248
832571362946514944
832578851465211904
832579804193030144
832588523819638784
832588694712360960
832591102087663616
832591430627495936
832600001926696960
832601061970022400
832604064353488896
832605676618788864
832606424077328384
832608906656505856
832609508438528000
832614548502958080
832619660470218752
832620276382724096
832625499318820864
832625807570849792
832631255392882688
832632186767413248
832634159797374976
832634216508559360
832636041114873856
832641450391248896
832642854962892800
832648735754694656
832651209404067840
832654836155834368
832656359938076672
832658625273413632
832663339620671488
832663406209495040
832670202357805056
832675033734537216
832685218955812864
832691200574386176
832691695145791488
832740404193746944
832742417669328896
832742644035973120
832743411966808064
832752592350441472
832753067334447104
832753114797072384
832770078085148672
832774890398683136
832781517415862272
832783886333706240
832786951472242688
832787241730666496
832787442302201856
832793165446918144
832800448180400128
832801441488179200
832803379755831296
832803406519472128
832806691569676288
832834374248890368
832834736712249344
832835192536625152
832844722053980160
832865802034376704
832896175632171008
832936940307521536
832936984557424640
832941903754715136
832947165693607936
832950825420943360
832953818228867072
832966859624423424
832970185745248256
832974458327543808
832979929197326336
832983276973391872
833006429254590464
833018747623444480
833021011725520896
833023723145924608
833024910024806400
833025239227449344
833025792749748224
833027378880327680
833032122428436480
833032664139575296
833032664139575296
833032724118003712
833033573263360000
833034862843957248
833040628720271360
833047599213068288
833049932185616384
833053671600615424
833066065592594432
833073929010884608
833080769677508608
833080769677508608
833081511897243648
833085494980403200
833088575046565888
833093358017007616
833096641959849984
833098427475120128
833102308716195840
833102456129073152
833104598084628480
833106169921167360
833106169921167360
833106597685587968
833107237656809472
833109839345750016
833112747420311552
833114106714607616
833128638098862080
833129750273093632
833129974982799360
833131526648918016
833131526648918016
833136686792060928
833146811485454336
833148597935943680
833148597935943680
833150829561384960
833151075096129536
833151917891006464
833152379985866752
833169166072885248
833169166072885248
833178392602173440
833183950046531584
833189538499424256
833265112454676480
833302398600765440
833308172571996160
833309715719450624
833309715719450624
833324080342368256
833324080342368256
833325321407586304
833328153250652160
833328194250010624
833328711709683712
833329056661831680
833329749355290624
833330289556541440
833330973957820416
833334862132215808
833335343625674752
833335343625674752
833350089141846016
833354463117266944
833355887821594624
833362726286159872
833372299654893568
833379476465545216
833396779852849152
833399862968332288
833399862968332288
833408581122850816
833408581122850816
833413654175416320
833420666544218112
833423381684961280
833424431791951872
833427126783246336
833436373797523456
833438440553316352
833439157544419328
833441551783178240
833448349810425856
833460803726692352
833465433592205312
833465523241312256
833466383912595456
833466383912595456
833474463182233600
833475495249342464
833479398254850048
833480743527579648
833481173120712704
833486379338256384
833488565938032640
833490051191353344
833500042057150464
833506385438597120
833509844174962688
833510518694543360
833521184499187712
833521626486444032
833532034740019200
833532034740019200
833535656647340032
833538480340877312
833542087698161664
833547031444602880
833548116615913472
833565561955061760
833571184855879680
833573285497483264
833601668105302016
833601668105302016
833619572850765824
833652566370222080
833672512278056960
833673121278226432
833673121278226432
833684131053699072
833686529658716160
833686828586766336
833686828586766336
833688404445519872
833701008140169216
833708753442787328
833712187340374016
833724765688958976
833727698556051456
833727698556051456
833751770446831616
833759901528698880
833761446492241920
833761951968743424
833765128810082304
833774940994273280
833774947122216960
833781198140895232
833782342414192640
833786132932476928
833786132932476928
833787429563805696
833790749611274240
833795558234025984
833810282434682880
833812391322324992
833823222718197760
833825838525091840
833827898599555072
833833207665717248
833833215056035840
833833554375168000
833845100354555904
833848539310673920
833853815078211584
833855665147895808
833856517078147072
833857568221048832
833859587736494080
833861461432745984
833861982054907904
833863421300965376
833880768275476480
833888115559383040
833894572547723264
833896545854615552
833903755410149376
833905529785290752
833915156811771904
833929728180359168
833965158930210816
833967744076898304
833967744915746816
833967748619366400
833995301211877376
834001717456953344
834008019516137472
834009388901883904
834010473037230080
834017146095140864
834019342685700096
834024698962927616
834026575339339776
834029879582679040
834030031512952832
834031355004612608
834031972561321984
834033088254603264
834054341921271808
834078347202174976
834082345351254016
834082617368707072
834084863770714112
834085042469089280
834086549751025664
834089290560843776
834089626092568576
834093999778574336
834095453415301120
834098224831021056
834106108386091008
834113811493900288
834113811493900288
834115296575238144
834119974608252928
834122608916443136
834125474338988032
834131476253773824
834134611223523328
834145568205189120
834151942582583296
834152546688118784
834153930384875520
834154731471851520
834155499285311488
834168521781280768
834184267949232128
834185580674240512
834187383419654144
834192311596756992
834193262319636480
834195307554492416
834200532260642816
834209688203857920
834212191322652672
834213219413549056
834214758089891840
834214758089891840
834219479370448896
834220552571207680
834220969841528832
834222988702519296
834231514095292416
834233098447499264
834233098447499264
834236134632873984
834236655812894720
834237786265833472
834238289439707136
834238467051655168
834248635126792192
834253586926182400
834264496139096064
834275789533245440
834299463325749248
834299801458049024
834301149125689344
834302040520216576
834302880752529408
834309548743720960
834319628423700480
834330255980634112
834330257641631744
834330259336081408
834330279057747968
834330279909130240
834330281297444864
834359013768822784
834359013768822784
834360354163585024
834364048846249984
834365448900661248
834365448900661248
834373931083714560
834402688930562048
834402688930562048
834403266335297536
834418744453636096
834419229239685120
834428633099935744
834429649711153152
834438970645807104
834440556793061376
834455439634997248
834460774357663744
834465100048322560
834470390877605888
834472656862900224
834475222132744192
834476370977759232
834477014228856832
834478649822687232
834480349728104448
834488337830445056
834493711023276032
834496800367194112
834499815501361152
834508888120688640
834509335216676864
834509649214918656
834509877959536640
834510557017362432
834511384562040832
834511643069538304
834516279197327360
834517951562838016
834519371766718464
834520762551762944
834520974376722432
834523396797034496
834525074828980224
834525222107807744
834526246952431616
834526495305527296
834526625119215616
834526763627720704
834527070130733056
834527172819841024
834527308799172608
834527575334584320
834527630959452160
834528258368626688
834529039499010048
834529568274972672
834530150100430848
834530244627415040
834530337023737856
834531520870281216
834535183185543168
834539799377764352
834541250384691200
834547274428588032
834547382171877376
834547966480375808
834554831314485248
834558317527760896
834564841876647936
834565025583001600
834567091344662528
834572391988723712
834577410892898304
834585398860881920
834586152594087936
834587701957517312
834591547983290368
834592108585615360
834595689682370560
834596818461794304
834608264620937216
834615656398123008
834615780813729792
834615897998364672
834617903437619200
834626149737115648
834626814731444224
834629452059467776
834651216919535616
834665859767361536
834671269106876416
834676802916405248
834681031676612608
834708961622323200
834716833676673024
834717536180641792
834738613967548416
834751562824179712
834771079491121152
834776874668527616
834781467540652032
834786767878369280
834794576590172160
834797602960977920
834800705953230848
834800819853807616
834802980880863232
834805118981767168
834812571903520768
834813254752935936
834813551311085568
834815040935100416
834819344840478720
834824420589985792
834828409175998464
834830382696644608
834833285918388224
834834277099532288
834834444913610752
834835788072370176
834845723770384384
834848341427109888
834856615954243584
834857805433696256
834860020630245376
834860550781861888
834863607217152000
834866545763483648
834870360122261504
834871899830284288
834871966926503936
834875119218667520
834877703836819456
834880497255911424
834884642842935296
834895064400699392
834895699435114496
834903860305068032
834910386939899904
834912909738262528
834917850540347392
834918955701645312
834919613888606208
834920899908370432
834922180328767488
834923219320733696
834927247731499008
834957219057709056
834957504031436800
834959113125785600
834959290481971200
834959912354603008
834968595142627328
834968701833195520
834969319905832960
834970463281496064
834971407620657152
834972176549826560
834995171762835456
834996843100659712
835016469859610624
835043015416811520
835099784717430784
835105423212457984
835106079373680640
835107009452261376
835109850631766016
835124128835375104
835130211310137344
835147231363637248
835157352177369088
835160957118742528
835165398836330496
835166893707255808
835169977951006720
835174971328643072
835175067906637824
835176609153966080
835182061958934528
835184317890461696
835189466012745728
835192672545554432
835195395345166336
835197099348221952
835201038625964032
835205301276131328
835211184886460416
835212097738911744
835213346693656576
835217138814181376
835218313449885696
835236077497540608
835241283237130240
835257493098016768
835257965666004992
835263783874490368
835272765666181120
835277132192346112
835278230118596608
835289477954293760
835302374633787392
835307742235590656
835308481607446528
835308540789075968
835326697088012288
835326881062871040
835332830783803392
835343892555907072
835359130546241536
835359797490958336
835360177616470016
835364264185483264
835382652840484864
835389372119670784
835395835873521664
835415998836654080
835447365683277824
835465499945357312
835471288328196096
835472978217484288
835477554148569088
835488194179256320
835506482699452416
835506802401869824
835521299741044736
835523869658267648
835537414588403712
835539532066009088
835543336656175104
835547966270140416
835548000575451136
835552005393379328
835552460668297216
835557182456360960
835574040236523520
835575012073549824
835579698402975744
835583496533995520
835583759852441600
835586909103656960
835598967513571328
835634420761694208
835635135152259072
835663121557643264
835671295199227904
835675005434355712
835705892146327552
835715127764738048
835726360777801728
835814844670562304
835835580172890112
835837887941849088
835884718054912000
835893588454170624
835901148359983104
835926686692671488
835948087164219392
835955709946789888
835959755919196160
835968871676981248
835979996493676544
835984280908140544
835985140333477888
835988975118594048
835997548351488000
836002122973995008
836020196942872576
836035159715680256
836052362468929536
836061599110676480
836071081807007744
836076268487573504
836085013997314048
836094289285259264
836096574971240448
836105233587654656
836121960237121536
836138713667284992
836211561509367808
836215901515034624
836222261766008832
836222298894045184
836223596502601728
836227517191180288
836251060675072000
836254439119982592
836258869580075008
836264124967436288
836266585685905408
836276085767749632
836288924494532608
836290906554773504
836297442500964352
836297719014699008
836324259110785024
836333189559947264
836337176833044480
836359927832670208
836362135152312320
836366234966872064
836388671255371776
836393056081358848
836393949438885888
836397171155087360
836400893645864960
836413794226065408
836429578381975552
836430619026546688
836440011058769920
836446103998513152
836451212954320896
836467128630796288
836467214706438144
836505482298814464
836505484207271936
836505484450496512
836510148856250368
836519953788456960
836525225193967616
836538954132377600
836548107508797440
836569115817095168
836588997543591936
836600338312486912
836604658751795200
836613005563555840
836621660694302720
836629794309750784
836630387258503168
836630422884773888
836637732940087296
836639362200846336
836639436842631168
