1001356411195084800
1001363440328376320
1001364236185100288
1001368147453251584
1001384681059823616
1001386974492622848
1001386976086581248
1001386977013485568
1001389422024314880
1001401401707323392
1001413342278311936
1001417479703457792
1001423805263294464
1001428863145205760
1001429954846801920
1001446905904353280
1001448708599402496
1001455513937170432
1001455688365862912
1001456918265708544
1001457036821856256
1001457078228037632
1001457289453125632
1001459747843923968
1001467102031736832
1001468091015065600
1001468548164784128
1001468676267266048
1001469423801122816
1001470530363457536
1001472870227283968
1001473609611841536
1001475373970976768
1001475975966855168
1001479406743969792
1001480390979346432
1001485150008545280
1001485324126535680
1001489588483952640
1001492191590731776
1001493978749939712
1001496234207711232
1001498202443567104
1001508115668496384
1001509529761337344
1001516182170755072
1001516341134876672
1001516440372088832
1001517616429756416
1001518894086086656
1001520359324073984
1001522192172093440
1001524775418716160
1001524790174404608
1001528321744785408
1001534575925805056
1001535229352390656
1001536076761174016
1001538469699649536
1001538610884239360
1001540899053195264
1001544310100197376
1001548509458284544
1001549196271472640
1001550850139897856
1001551455415885824
1001552530705268736
1001555124572041216
1001556835093172224
1001560390696886272
1001561418225856512
1001562468026642432
1001562766640140288
1001566414921183232
1001568141145706496
1001568141867134976
1001568142714462208
1001569514608381952
1001570947986583552
1001574324774596608
1001575031363854336
1001577070223396864
1001593551845773312
1001596177299668992
1001599238281875456
1001607602025975808
1001610629222948864
1001611851426299904
1001618385497673728
1001619298870333440
1001619344764305408
1001619385113604096
1001619426855280640
1001619479930032128
1001619525249454080
1001619556954202112
1001622309042450432
1001623904358731776
1001624493599657984
1001625880349863936
1001626074617298944
1001626371993620480
1001627664694857728
1001631160592723968
1001632517122863104
1001632986268303360
1001633045072568320
1001634044646514688
1001634520716775424
1001637392154087424
1001637625252499456
1001637844732071936
1001642218652712960
1001646325933338624
1001648865286803456
1001654088197521408
1001658910636376064
1001660768700518400
1001662643067908096
1001664446203351040
1001667624571457536
1001669328448704512
1001669495449047040
1001671362476498944
1001671730845372416
1001672785058582528
1001676208063631360
1001677149651292160
1001677261202915328
1001678895840710656
1001680738247471104
1001685683105419264
1001690713749323776
1001692520370274304
1001699436274372608
1001720040104845312
1001731012538306560
1001737182959239168
1001749360869367808
1001749362484174848
1001749363335618560
1001754112596340736
1001755774249521152
1001762140607467520
1001767035196596224
1001774958912122880
1001785723014574080
1001788216796696576
1001799816601657344
1001804049824518144
1001807520380338176
1001807939072602112
1001814429321875456
1001814767751892992
1001817562332590080
1001819222543032320
1001821543037452288
1001821881572392960
1001821945195913216
1001822549683171328
1001822761352822784
1001824181309399040
1001824269976915968
1001824637561389056
1001827478002790400
1001827556243329024
1001827591408439296
1001827631002632192
1001827684119293952
1001829076967899136
1001830945190744064
1001832535159123968
1001832860125364224
1001833850820026368
1001834441109573632
1001844027082227712
1001847835304841216
1001848371873804288
1001850281666101248
1001854779692277760
1001855466123689984
1001855691710193664
1001857265987670016
1001861761287573504
1001863159894953984
1001864769417162752
1001870051081891840
1001871540487688192
1001876331175362560
1001877214995021824
1001877332674666496
1001877791284088832
1001878202862788608
1001884331915317248
1001885623152795648
1001885729704706048
1001886680813588480
1001887476707815424
1001889409334153216
1001891561112850432
1001893893158457344
1001897287453499392
1001908021134585856
1001908832157790208
1001909475761156096
1001909906495205376
1001911885187440640
1001915778415972352
1001918002449666048
1001918596635873280
1001920867859816448
1001927137144786944
1001929470419357696
1001929571288190976
1001932500602572800
1001933605290041344
1001935769555095552
1001940143375372288
1001940272622731264
1001940893673381888
1001945284677701632
1001946484642910208
1001951830295941120
1001954185934442496
1001955328001499136
1001957689407262720
1001958271396339712
1001958276806971392
1001958492410908672
1001959877105913856
1001960163895595008
1001961015318282240
1001966071165935616
1001967126364770304
1001970241549881344
1001970964878516224
1001971020411129856
1001972084329926656
1001979863182520320
1001982089691062272
1001984188545949696
1001986298029199360
1001987200224038912
1001989428653551616
1001989894703583232
1001991953200943104
1001993498961334272
1001996719155023872
1002005177518510080
1002005765866090496
1002008388493086720
1002015940484239360
1002016470157717504
1002017974859980800
1002018472291946496
1002026860253974528
1002028648419872768
1002032636037124096
1002043671376814080
1002048019456380928
1002063011258011648
1002064523073744896
1002064701654753280
1002088625469718528
1002094548405882880
1002111697694478336
1002111886387761152
1002111888338112512
1002111888883355648
1002118364171591680
1002129313444098048
1002135779517390848
1002140279669915648
1002148114231451648
1002149440034168832
1002149707735617536
1002155332376854528
1002157720982704128
1002158228652740608
1002161420706992128
1002165025933537280
1002169451293413376
1002172708594085888
1002176694915039232
1002177048541126656
1002181798082891776
1002184014684413952
1002186466032803840
1002186763366944768
1002187147087171584
1002195138557415424
1002198311749668864
1002199137532526592
1002201987272802304
1002202370934165504
1002212733289365504
1002214369457987584
1002222612821442560
1002227959023980544
1002230531101216768
1002232709907927040
1002232898550947840
1002234417572667392
1002241113032359936
1002241416091783168
1002252126628663296
1002256323545915392
1002260381052669952
1002262147928330240
1002264805883949056
1002267959094599680
1002270792439222272
1002272339592187904
1002281375582404608
1002283114297618432
1002284416293654528
1002286378577743872
1002286935145054208
1002289211800739840
1002289797115858944
1002291471997984768
1002292659036225536
1002293025232453632
1002293263389388800
1002293342359703552
1002295125970706432
1002303685387603968
1002305856204103680
1002310329223786496
1002314604473733120
1002318979824799744
1002320971271933952
1002322595415502848
1002333190613188608
1002335278726459392
1002337174660902912
1002339435726417920
1002339812555345920
1002339812555345920
1002341086881337344
1002343588892639232
1002348065548689408
1002348715523395584
1002351484262965248
1002356567948365824
1002363925252493312
1002366129359204352
1002366882383622144
1002368866700447744
1002373568037097472
1002383194426040320
1002388676423237632
1002389026383585280
1002389068032901120
1002389119048265728
1002389150992142336
1002389182046724096
1002389213944442880
1002389244726448128
1002389277009903616
1002392590413631488
1002402242836643840
1002403988791123968
1002429763321905152
1002460787321913344
1002471088750776320
1002474744568950784
1002483006773383168
1002487867199848448
1002487961831854080
1002489153974685696
1002495215435964416
1.002502099975e+18
1002504294564802560
1002521579308236800
1002523368699125760
1002530785440739328
1002531939058790400
1002533682953908224
1002536174668451840
1002537585976147968
1002537800070135808
1002538153645920256
1002539225521111040
1002539818629230592
1002543191457980416
1002546155895578624
1002546995393728512
1002548312929636352
1002549190927536128
1002550057604960256
1002552717871546368
1002555555163099136
1002557875019923456
1002557939452964864
1002558780192653312
1002559317126647808
1002559675890626560
1002561466992603136
1002561521371811840
1002563850795773952
1002565220567605248
1002566263019692032
1002568824443502592
1002569908721541120
1002569929298710528
1.002570643077e+18
1002570883158945792
1002571147718877184
1002571985107410944
1002572737221623808
1002573628263694336
1002574383557197824
1002574452553650176
1002574710864011264
1002574780657274880
1002575709783707648
1002576397330796544
1002577235461722112
1002577783757901824
1002578046560423936
1002580566355730432
1002581609604964352
1002582796181950464
1002583144002981888
1002584313874042880
1002584315656593408
1002584612399341568
1002585497351479296
1002587395538194432
1002589175684755456
1002592077866291200
1002592178785390592
1002593131236380672
1002594034341343232
1002596057220448256
1002597394024783872
1002603317996875776
1002608153350033408
1002608212938575872
1002609302501314560
1002611533313032192
1002611946821181440
1002612925272657920
1002614607045746688
1002615573488984064
1002618561452527616
1002620618255273984
1002621147668713472
1002622371642081280
1002622710751653888
1002622734130712576
1002625293570494464
1002625873051246592
1002627643714437120
1002628261359308800
1002634055370838016
1002634635556343808
1002635245181722624
1002637690016354304
1002640919659720704
1002646008596221952
1002648005873291264
1002649418347237376
1002651976176406528
1002652002701070336
1002653010164625408
1002654133332017152
1002655317132496896
1002655319275851776
1002655320118910976
1002656627219206144
1002658790087516160
1002659172280881152
1002660516706312192
1002663282581307392
1002667284773601280
1002669098894086144
1002669609194057728
1002677411803041792
1002677848220499968
1002680008953827328
1002681210949197824
1002682086468276224
1002683637131825152
1002686314418802688
1.002688625883e+18
1002689291967795200
1002690510790758400
1002690961057644544
1002691716820791296
1002694349304549376
1002700866367836160
1002700866367836160
1002701332111818752
1002702191948283904
1002702894406066176
1002702936491876352
1002705243128262656
1002706135105835008
1002706346234580992
1002707614554259456
1002708054104838144
1002711156946063360
1002712852405334016
1002713094492184576
1002714040827772928
1002714903583576064
1002715090070753280
1002717454160801792
1002721724285243392
1002722047657734144
1002722416110366720
1002725137743937536
1002727810438295552
1002735726289670144
1002739967276339200
1002741975899140096
1002742094484660224
1002742672270843904
1002746577012830208
1002747031444709376
1002747950542606336
1002749516267868160
1002753807837777920
1002753859536769024
1002756146296434688
1002757526780350464
1002758278206672896
1002766940761395200
1002778269547220992
1002779312922210304
1002783768258674688
1002786629675896832
1002818926483517440
1002836491108847616
1002836493029830656
1002836493340172288
1002851913941970944
1002852245610942464
1002871242335059968
1002876239978356736
1002879315644702720
1002884724476579840
1002889529710252032
1002894654474539008
1002902148303216640
1002908445366878208
1002910379306049536
1002910498176708608
1002910558075662336
1002910694487068672
1002912076606726144
1002912698928005120
1002919869359251456
1002920432557846528
1002922997794070528
1002928689888354304
1002930356306284544
1002933317426077696
1002936228424093696
1002936764082761728
1002942072364548096
1002945736567349248
1002946942140370944
1002947382059954176
1002947797786812416
1002948097306169344
1002949234939908096
1002950470506344448
1002958612858392576
1002959061074227200
1002961843332116480
1002962185302179840
1002963021860200448
1002967739676405760
1002982162638016512
1002989822783475712
1002990616362401792
1002993236963667968
1002994648711925760
1002999832015974400
1003000666430803968
1003002434778779648
1003007835570139136
1003009952515022848
1003013167654555648
1003013453735518208
1003013773752438784
1003018091360653312
1003020148565897216
1003021254167748608
1003023193823727616
1003027123618107392
1003027411510923264
1003028807358574592
1003030742681546752
1003030766278848512
1003032993680838656
1003033620414468096
1003036744902676480
1003037063740993536
1003039130543116288
1003040602462851072
1003041137358196736
1003063342150443008
1003064573644034048
1003065587763941376
1003068294855843840
1003071610855686144
1003072752712945664
1003073014261526528
1003073489887166464
1003077082728067072
1003088126976274432
1003089487528976384
1003100858421309440
1003103299208470528
1003103494373625856
1003111057450258432
1003113411067117568
1003122173513355264
1003126419977842688
1003131060018958336
1003131156357763072
1003131670743183360
1003135155664506880
1003145382702899200
1003146060418543616
1003147112803192832
1003148198590869504
1003165359032193024
1003179668785152000
1003186577382789120
1003191589102112768
1003197280281866240
1003198953846951936
1003198953851097088
1003198953851179008
1003201958923198464
1003208691900919808
1003225848122466304
1003227575366238208
1003229013735804928
1003238895130152960
1003239128115417088
1003246848956616704
1003247464378400768
1003249473248727040
1003249483256422400
1003259294140256256
1003262165393043456
1003262254995922944
1003267093448482816
1003267774247063552
1003267920405979136
1003268793538314240
1003269892664152064
1003270985263480832
1003271020269187072
1003271306937131008
1003271685116743680
1003273223436316672
1003273433759838208
1003278147083816960
1003279445552222208
1003279620068855808
1003279820011253760
1003281647733739520
1003286992623292416
1003293614515130368
1003296653049237504
1003296723618451456
1003297757740691456
1003297939882692608
1003299318101667840
1003299602685136896
1003301288266911744
1003302509954371584
1003303732245823488
1003304080700305408
1003305249535414272
1003306911222190080
1003308015783677952
1003308804988178432
1003310509809168384
1003315046007570432
1003315741649723392
1003316943003312128
1003319069012037632
1003320309594841088
1003323337471414272
1003328044809875456
1003330044607918080
1003334885648551936
1003335898774286336
1003338531157180416
1003341374975102976
1003344965546672128
1003346380755070976
1003348470927945728
1003350645758464000
1003353886638288896
1003354433768566784
1003355795600412672
1003356548066955264
1003356586490974208
1003357650120265728
1003357712690958336
1003359958073790464
1003361099251699712
1003362076256079872
1003365100009545728
1003366610244112384
1003368573681750016
1003371503663173632
1003372186260951040
1003376004667203584
1003376166957404160
1003376175757103104
1003380517813870592
1003380573669412864
1003385804490772480
1003386785097908224
1003387712559370240
1003389234462515200
1003392829471756288
1003393711521320960
1003402397257908224
1003405599147687936
1003408108889280512
1003411392345485312
1003415488993611776
1003415545469919232
1003416986045607936
1003420984039309312
1003423188817207296
1003427974819921920
1003428161902825472
1003433275304620032
1003435839525924864
1003445133893828608
1003449014468186112
1003453647940751360
1003453888383586304
1003455286860972032
1003459178332147712
1003460083177664512
1003463598885228544
1003463630971600896
1003466163840483328
1003466946808074240
1003467221467725824
1003470380776992768
1003471741472026624
1003474829713043456
1003482544594092032
1003486704299331584
1003491066497167360
1003491098801725440
1003491147354968064
1003491180741611520
1003491236022452224
1003491278674366464
1003491307766075392
1003491376162631680
1003491699312746496
1003491769160519680
1003491811124563968
1003491839624859648
1003491927986200576
1003491958403280896
1003493045487226880
1003495297023205376
1003515845597974528
1003521454024151040
1003561470897074176
1003561472574795776
1003561478438445056
1003567462527504384
1003568071511035904
1003574569557512192
1003580947009363968
1003586586867617792
1003599745590407168
1003601750354464768
1003601878876291072
1.003603114057e+18
1003603611795050496
1003604432569815040
1003608751289618432
1003611337065365504
1003611555769081856
1003613695191027712
1003616386688651264
1.003616613525e+18
1003616753841328128
1003619740756140032
1003620294957981696
1003620308627030016
1003620332715040768
1003627520212824064
1003627831065276416
1003630954307641344
1003632702824669184
1003636214178516992
1003638933123559424
1003642156161040384
1003646393687437312
1003648616047800320
1003648967383625728
1003649649960366080
1003655495100588032
1003658182256939008
1003659242832891904
1003660009010597888
1003660207577292800
1003662600343703552
1003662714928017408
1003663500307288064
1003664745428406272
1003665438956507136
1003669349687812096
1003670707858034688
1003670865031192576
1003671995299614720
1003684139990704128
1003690168061124608
1003692851476168704
1003693326028214272
1003699607157792768
1003700424891879424
1003702159743975424
1003702865087483904
1003704669917581312
1003705270696939520
1003707685366321152
1003707738273153024
1003715129073074176
1003716996783984640
1003721286445608960
1003721369748680704
1003729701293023232
1003734438679900160
1003737574085742592
1003739620851441664
1003740433036562432
1003742517479772160
1003744582234923008
1003747327419375616
1003751354551099392
1003751509622960128
1003752407732498432
1003756445836296192
1003761185249021952
1003762090765676544
1003765231993180160
1003765554203758592
1003766319978868736
1003766605413867520
1003767101188816896
1003767194512252928
1003767804204584960
1003768594738696192
1003771330448187392
1003779200476688384
1003781012827136000
1003781013141688320
1003783428641353728
1003785066173140992
1003785198268370944
1003786405934399488
1003791821871316992
1003795458530074624
1003797574120366080
1003798191760920576
1003798240419110912
1003800559592226816
1003801740163117056
1003806429071986688
1003807840774119424
1003813454786920448
1003814294327181312
1003814506059980800
1003816412392062976
1003819243715158016
1003821587152457728
1003827347022336000
1003829117924413440
1003831069165215744
1003833935393009664
1003835592075927552
1003844682185695232
1003844765069271040
1003844955947839488
1003845079730094080
1003845369040687104
1003845462368112640
1003845578592342016
1003845642253455360
1003845723887210496
1003845821987729408
1003845860021735424
1003845908071673856
1003845999318720512
1003871184352468992
1003872623808401408
1003874596653633536
1003891901576171520
1003899890022273024
1003900626638696448
1003930448777621504
1003936120994922496
1003942084133445632
1003967558507204608
1003977495589163008
1003986810777849856
1003987944913465344
1003988245133193216
1003996148535787520
1003998940453392384
1004006429861302272
1004015648555651072
1004016148239618048
1004016541942202368
1004018232196558848
1004018319924580352
1004021604295180288
1004022106483544064
1004033676957638656
1004033788127600640
1004041409349873664
1004041771838509056
1004046962306551808
1004047388309315584
1004047539501436928
1004047758355939328
1004051616931221504
1004054094871449600
1004060725847846912
1004065408532414464
1004065702872014848
1004072671917854720
1004075488632098816
1004075965276827648
1004076812492664832
1004077013634699264
1004081054477635584
1004082169470509056
1004082610291855360
1004082930006872064
1004083672826474496
1004085119479529472
1004089411485696000
1004092207018717184
1004094914215534592
1004095217346048000
1004098823097126912
1004098944656465920
1004101250411950080
1004101682857295872
1004102936496992256
1004104851087863808
1004104852224561152
1004104855252815872
1004104880737411072
1004104882348085248
1004107886270779392
1004111901918466048
1004114020083945472
1004115274520555520
1004115547179479040
1004116420391768064
1004116479623794688
1004116742514364416
1004117260477362176
1004118691468808192
1004120107348647936
1004120939095830528
1004127350819258368
1004130692916285440
1004136331386089472
1004144038147223552
1004146547137875968
1004149547965116416
1004156229529325568
1004156983425896448
1004160640456577024
1004163392985354240
1004164248753377280
1004165802956935168
1004170440263102464
1004176453888507904
1004177602943377408
1004178134583971840
1004178928746016768
1004180641397772288
1004192504256892928
1004194636863336448
1004196759252488192
1004199030895898624
1004200196308271104
1004204287944220672
1004213148277248000
1004215506071629824
1004223606216245248
1004227330326257664
1004244213339508736
1004245445655318528
1.004245563167e+18
1004257355272351744
1004279762280435712
1004309456937680896
1004312727114919936
1004317584811053056
1004321552551342080
1004333414382698496
1004335892083994624
1004337712143454208
1004337860902653952
1004343281977843712
1004347501812514816
1004351970256347136
1004354704447438848
1004357024543662080
1004362480053780480
1004363134591754240
1004363844414787584
1004364471891054592
1004364558478315520
1004366198849658880
1004367645456588800
1004369056487657472
1004370188475748352
1004370991399817216
1004372946016751616
1004373394903715840
1004374311367532544
1004380284928880640
1004381432687493120
1004383437585821696
1004387521135108096
1004389758389440512
1004390466962493440
1004391511637753856
1004393104265437184
1004393461687181312
1004396047987339264
1004396465786155008
1004396708229500928
1004397243946987520
1004400285618528256
1004405436253114368
1004407575012675584
1.004413201252e+18
1004415749161652224
1004419878399471616
1004420612230602752
1004423282580484096
1004426742180634624
1004432764844822528
1004437981623668736
1004444030787256320
1004446383171100672
1004447869670248448
1004450809491476480
1004455381693845504
1004458592391581696
1004460096229785600
1004460103716700160
1004462320230248448
1004464191535661056
1004465826001403904
1004466427447742464
1004466958245474304
1004468446321692672
1004469624061267968
1.004469915561e+18
1004473154570506240
1004475397852073984
1004475897469009920
1004480284916625408
1004482697044156416
1004485363740610560
1004485752057663488
1004490281092354048
1004492649670246400
1004495907453366272
1004497565528670208
1004502430023811072
1004503310651584512
1004505262403850240
1004507776649973760
1004508649409204224
1004508764005859328
1004509612228431872
1004510558362599424
1004522624515485696
1004523017559531520
1004524376442785792
1004527173854814208
1004531292736770048
1004535995482755072
1004536228954468352
1004537507222978560
1004540111164465152
1004541309477154816
1004543431564197888
1004550551336603648
1004555443056926720
1004568119698972672
1004571756022018048
1004586607612219392
1004594552831913984
1004610910961487872
1004626864831389696
1004626961954693120
1004647052494508032
1004648576910315520
1004648580215377920
1004648580253126656
1004670064140828672
1004675814405730304
1004680076817035264
1004681722187960320
1004682258786193408
1004682372430909440
1004687799596060672
1004689911977426944
1004692413254782976
1004692621967708160
1004693521062916096
1004698567892758528
1004699049864454144
1004699577432363008
1004700093986037760
1004701021979992064
1004701925277872128
1004702806484443136
1004704452983468032
1004706188569825280
1004710226279452672
1004713449048420352
1004714057469919232
1004714155134287872
1004714918535401472
1004716041618911232
1004717783089741824
1004720659220586496
1004721905851510784
1004726876844318720
1004726925489856512
1004729011799576576
1004729113956012032
1004731155206295552
1004732290763763712
1004734819794931712
1004740525566685184
1004740776193126400
1004740779041087488
1004745595968356352
1004746564458483712
1004747091695013888
1004752663941017600
1004752883752030208
1004753410984300544
1004759950390800384
1004760820461367296
1004761016549322752
1004765139613224960
1004765468031365120
1004771225518960640
1004777361269637120
1004777651943411712
1004778531778453504
1004779554286678016
1004780019049271296
1004786220860309504
1004791717386702848
1004792311086133248
1004793219887005696
1004794424549953536
1004798024516820992
1004798206021009408
1004806284032577536
1004807612758708224
1004809573759365120
1004812801586544640
1004816412987146240
1004817945485144064
1004826110637608960
1004828370356588544
1004830859625746432
1004831702185897984
1004832929078501376
1004832992060198912
1004834877722767360
1004839030738112512
1004840362962235392
1004847023986749440
1004851160036073472
1004853704992919552
1004854578981064704
1004857669595910144
1004863969964806144
1004864252446945280
1004865551678595072
1004865779483807744
1004866569397129216
1004870173134852096
1004870353825476608
1004879141143969792
1004885400643670016
1004885767519440896
1004890755033370624
1004892761538088960
1004896948225179648
1004898496619712512
1004899967951986688
1004901191417987072
1004902100948566016
1004906171973505024
1004906470532698112
1004908225303543808
1004913962520141824
1004919390616236032
1004924611299950592
1004927159255748608
1004931038903242752
1004938095886852096
1004938417145286656
1004942140588396544
1004942639039438848
1004946204961230848
1004947013899771904
1004949103665713152
1004952610049220608
1004983268389937152
1005018666902212608
1005038011128610816
1005043191991631872
1005043471818862592
1005045880557195264
1005046305784320000
1005052184680157184
1005055270882508800
1005067074832687104
1005068070052696064
1005075042789552128
1005080824088104960
1005080836927082496
1005082449322348544
1005083504533737472
1005084520612335616
1005086626157072384
1005089159281827840
1005089269088735232
1005092551270043648
1005098725763579904
1005100361189875712
1005100421856276480
1005100966901960704
1005104037644120064
1005110419780972544
1005112597899894784
1005113011118493696
1.005117495492e+18
1005124324947320832
1005124351165960192
1005125324856811520
1005126779709939712
1005127746085769216
1005128908692426752
1005133722042228736
1005134159449346048
1005135491505803264
1005147054627098624
1005155165291327488
1005159239881457664
1005161473746833408
1005163191477796864
1005163215850962944
1005164921632559104
1005165779187306496
1005174145435435008
1005174609707233280
1005175788084350976
1005177119306022912
1005177644009205760
1005178664156389376
1005179817392857088
1005181456895889408
1005182452338446336
1005185969497178112
1005186865014673408
1005188389702733824
1005189606239764480
1005194958582767616
1005198756143337472
1005201499759218688
1005202166448054272
1005204679662424064
1005205878100746240
1005212521471635456
1005219842792845312
1005221873981054976
1005222631862362112
1005223464754601984
1005225583385694208
1005226007757017088
1005227211928948736
1005227336202113024
1005228047082008576
1005229584604909568
1005238958266175488
1005240431414841344
1005243701382254592
1005248427763097600
1005262015038967808
1005263977172127744
1005264592057110528
1005266004925132800
1005288432984317952
1005292923787890688
1005294186105581568
1005294412967174144
1005294771072483328
1005298230136115200
1005299110629568512
1005315966140420096
1005316801985572864
1005317678611890176
1005320873836982272
1005321417104265216
1005327299938381824
1005327559028924416
1005340871926206464
1005360439214137344
1005372907399319552
1005388091044057088
1005404492970393600
1005412277573619712
1005416538407690240
1005419581891076096
1005425187465154560
1005425559218909184
1005426636584620032
1005431002284601344
1005431253649248256
1005437604517605376
1005439437617156096
1005440524038352896
1005448294644920320
1005451424598319104
1005459391519383552
1005466346241417216
1005479085508841472
1005480218759331840
1005491312915668992
1005495587121389568
1005499431402127360
1005503949460393984
1005506210664247296
1005508536879800320
1005510268510769152
1005510683600007168
1005512354791153664
1005515818829078528
1005524481182457856
1005524632340967424
1005524704638242816
1005528077722669056
1005529917621071872
1005543318045028352
1005544517183901696
1005547593567473664
1005550561264066560
1005554598357200896
1005554598365618176
1005554598394957824
1005556539258597376
1005556765382053888
1005557857553731584
1005574338995769344
1005576755120402432
1005577749258473472
1005578044302651392
1005591666638708736
1005592119598338048
1005594703918747648
1005594943606394880
1005596617712525312
1005602528363360256
1005607150628900864
1005610172637765632
1005610377738981376
1005614619681931264
1005623352604717056
1005623892638085120
1005632152845811712
1005634396890619904
1005637593382432768
1005639401978974208
1005641212735492096
1005647502484254720
1005655390959390720
1005672446903676928
1005682253236600832
1005687194730651648
1005701149142454272
1005729011585044480
1005730565142786048
1005731741179498496
1005735655798951936
1005735656608403456
1005735657346682880
1005743373397815296
1005753959162658816
1005777649887842304
1005777777067319296
1005777926917427200
1005781334206353408
1005782960761720832
1005824080380092416
1005834603985358848
1005834735426396160
1005837799600291840
1005841174794522624
1005847756366401536
1005854611192864768
1005854941909577728
1005858549711425536
1005860062903046144
1005860438297456640
1005865756632891392
1005866365205573632
1005874746452422656
1005875049591476224
1005876960382205952
1005878479903174656
1005879420341637120
1005882658285637632
1005886133522202624
1005892753904095232
1005897220057546752
1005903484624007168
1005904301309530112
1005906639218774016
1005907975352045568
1005917533235564544
1005917595730698240
1005925831909273600
1005927811842965504
1005930219780427776
1005932141392216064
1005933327134674944
1005935501075984384
1005947312798093312
1005951729140150272
1005953190850949120
1005953631009591296
1005956375640526848
1005964123895750656
1005970790255398912
1005972564664029184
1005975892542328832
1005978137795145728
1005980891401805824
1005984004103983104
1005984892856012800
1005991352839139328
1005998535748141056
1006011016134758400
1006021676650418176
1006031341811568640
1006046128834600960
1006053665176784896
1006108651004858368
1006123825388490752
1006142730521731072
1006158292966572032
1006160272028037120
1006163903489994752
1006163937300287488
1006164176514011136
1006164268012658688
1006164546011136000
1006165054478307328
1006167154612465664
1006168206032203776
1006171418265112576
1006171641028673536
1006176965328547840
1006181243090800640
1006183111523045376
1006185969157132288
1006194614305476608
1006195056905076736
1006197758783574016
1006197920494858240
1006200812064985088
1006206827661537280
1006209372450631680
1006221204372492288
1006221338170675200
1006221352628641792
1006223363604246528
1006225032211845120
1006225098422943744
1006225727581245440
1006228262308196352
1006229077374783488
1006229662006161408
1006237906527285248
1006238553200889856
1006239021616566272
1006241814028914688
1006244324940632064
1006248185101258752
1006249376807899136
1006252580228554752
1006253891246284800
1006256115645140992
1006256534068846592
1006256822112718848
1006257062974803968
1006259787091337216
1006262318555189248
1006267521106894848
1006268870510956544
1006269043894935552
1006270469518118912
1006271122147594240
1006271543180177408
1006275563483484160
1006279930177642496
1006285846406991872
1006286102905450496
1006287354833833984
1006288586222854144
1006290085766160384
1006292988568506368
1006297667658502144
1006300619601334272
1006302265307611136
1006302354268975104
1006305283151400960
1006306052659265536
1006307289874214912
1006310191422459904
1006331400512040960
1006334947483881472
1006339106790502400
1006340033157259264
1006341312684019712
1006342561189859328
1006344935656841216
1006352598163599360
1006356416678916096
1006364642996875264
1006366556635320320
1006367656969101312
1006371411802370048
1006374972393172992
1006375381249806336
1006377839829176320
1006381310393311232
1006385900715114496
1006386538215821312
1006387259065528320
1006388740904890368
1006390846772695040
1006390951709986816
1006391265167073280
1006391789350281216
1006392471125987328
1006399313508028416
1006428524658511872
1006469143204376576
1006473749799960576
1006481167070257152
1006484705930371072
1006485209674633216
1006493083616403456
1006508899523055616
1006516751608307712
1006517622463188992
1006520858679152640
1006525627795722240
1006525757735260160
1006527239524175872
1006527856695042048
1006528746051039232
1006528791584301056
1006529218493247488
1006529717053378560
1006531001009496064
1006536051102572544
1006540829312344064
1006542274019221504
1006543642050355200
1006544913754968064
1006545135411351552
1006548759742963712
1006549205211480064
1006553137862381568
1006553405211529216
1006553789262979072
1006560471640625152
1006568407582552064
1006571865270312960
1006575485558689792
1006575920285564928
1006576320686391296
1006576449183240192
1006576490643894272
1006581583590100992
1006582360933064704
1006588940428685312
1006598940844875776
1006599628291264512
1006599978956009472
1006602816075411456
1006602836812054528
1006622264719233024
1006622264723374080
1006622647428534272
1006623581969813504
1006633073352564736
1006633759137988608
1006636717510680576
1006641764172750848
1006641767595245568
1.006641769273e+18
1006663288166289408
1006665363734564864
1006669566527799296
1006670608128622592
1006671539276787712
1006675543973081088
1006675564495867904
1006679258666848256
1006684198386786304
1006688992325177344
1006694172861059072
1006697339325739008
1006713695743946752
1006721782135644160
1006731732983279616
1006733713592512512
1006735043656548352
1006736229168271360
1006755715761954816
1006762237623783424
1006762680538017792
1006766032567103488
1006767104635363328
1006775759619403776
1006799264343871488
1006836562770841600
1006847213190905856
1006853827348385792
1006855090328621056
1006857522223951872
1006860744074424320
1006861307793035264
1006864763672985600
1006866400852500480
1006869481929527296
1006876150679908352
1006883942224424960
1006891141176942592
1006906205162401792
1006908454076854272
1006915855735762944
1006917063947014144
1006917374551916544
1006918553189208064
1006921049424912384
1006926377336131584
1006930509186895872
1006931263679328256
1006932750123917312
1006938619020546048
1006941113435947008
1006941291861630976
1006951338088058880
1006951417616257024
1006953568870584320
1006956673322373120
1006960170759573504
1006963736232546304
1006967483650265088
1006980226365247488
1006981871803043840
1006983450736447488
1006984601003331584
1006985279855579136
1006989171636891648
1006993183010643968
1006998744083165184
1006998991417040896
1007006183511744512
1007008192323313664
1007010430638874624
1007012880821071872
1007023459564597248
1007029336829054976
1007034592153489408
1007039941656768512
1007042783243206656
1007048910014156800
1007054585108881408
1007056242370646016
1007059731972845568
1007059868229013504
1007078887346622464
1007101164897357824
1007104151325585408
1007104809047031808
1007123192568270848
1007126990745268224
1007138233686286336
1007139572608917504
1007143760776425472
1007160355439534080
1007162292453064704
1007178153813598208
1007196996342566912
1007202645738549248
1007215577453211648
1007221514704510976
1007231291346116608
1007235115792166912
1007243301228072960
1007249102965563392
1007252152333619200
1007255701461323776
1007259481661681664
1007260947512111104
1007265880210800640
1007269732796502016
1007272324888973312
1007274200158101504
1007274589624438784
1007277426232061952
1007287234637246464
1007299912671879168
1007306036699688960
1007306149815779328
1007310846119366656
1007312266637737984
1007313971999924224
1007314542542671872
1007326763964338176
1007331594930028544
1007332288366108672
1007341097486602240
1007342809005715456
1007344020656443392
1007346343499698176
1007350497102229504
1007353708588478464
1007366365727088640
1007366366679261184
1007366367383818240
1007366384928591872
1007366385729753088
1007370720513548288
1007372368174608384
1007374873021308928
1007378612645920768
1007384041392410624
1007388285453455360
1007388642745245696
1007390185829650432
1007398170400354304
1007399938756698112
1007409121405095936
1007413353042636800
1007418312215683072
1007422271953276928
1007422646076760064
1007424171104587776
1007424946799370240
1007429336335568896
1007429432678772736
1007433718317715456
1007434254244954112
1007439853124976640
1007439873635020800
1007440234777174016
1007441172141309952
1007442387499671552
1007464094788734976
1007483801239457792
1007504375999225856
1007519176041246720
1007522328069136384
1007544709089292288
1007547594321612800
1007547596007788544
1007547596855037952
1007552682792402944
1007580116954877952
1007589009164525568
1007589768203571200
1007599313004974080
1007601257782145024
1007607239299907584
1007609457445167104
1007615431937490944
1007621333390413824
1007631048413331456
1007632314120077312
1007633252931325952
1007633978185191424
1007634476720115712
1007641848762982400
1007647476373970944
1007649167223685120
1007649813171724288
1007650916084928512
1007653518985986048
1007658719101022208
1007660415151636480
1007667719599218688
1007672118472073216
1007679090424467456
1007683949940936704
1007684168128421888
1007685440403574784
1007685668305170432
1007690709158256640
1007690929455665152
1007692931048857600
1007695675486818304
1007698259106844672
1007701673719017472
1007704889152028672
1007706302561349632
1007707104528875520
1007709996304367616
1007710600036847616
1007710875225149440
1007711426763345920
1007711601003237376
1007714089915830272
1007723802288156672
1007732320730779648
1007740355276689408
1007748702092582912
1007751745471238144
1007757716734054400
1007765644396417024
1007773143568666624
1007777153545580544
1007777375529111552
1007778811713347584
1007781065774260224
1007784508324794368
1007784663048282112
1007791674930712576
1007799613947088896
1007802977418137600
1007803564650123264
1007806919472504832
1007826274717454336
1007828184698703872
1007832924937490432
1007849603788627968
1007871070907404288
1007878555236118528
1007909928516947968
1007909929297031168
1007909930769305600
1007953818187976704
1007963577234411520
1007967548212699136
1007971303981223936
1007979206993686528
1007983037018230784
1007986163968299008
1007991356999061504
1008014299707723776
1008029069823205376
1008029256054657024
1008034614269575168
1008036746880274432
1008040502157967360
1008047773848043520
1008056766033166336
1008057719822008320
1008060295846088704
1008061134006517760
1008061910246477824
1008065072357355520
1008069020690665472
1008070169195839488
1008076412597784576
1008078503043129344
1008079894553812992
1008085935349813248
1008091157593776128
1008091158059339776
1008091160831758336
1008104183453618176
1008105514121814016
1008114226181783552
1008114606919872512
1008116481132056576
1.00811972702e+18
1008128178454499328
1008128469878751232
1008134678107205632
1008142706575642624
1008143918159089664
1008144051131084800
1008146139680370688
1008146884467273728
1008147161081450496
1008148538876887040
1008148557872836608
1008155888178290688
1008156702699552768
1008172242549772288
1008175257570758656
1008178952144162816
1008179073338822656
1008179651850752000
1008180438618247168
1008193541393342464
1008199616922292224
1008212633906888704
1008240541161566208
1008240992359600128
1008244965686722560
1008285987166937088
1008293494463631360
1008296309537861632
1008303189999972352
1008307478654803968
1008321087086743552
1008336262619688960
1008338073447383040
1008344085294436352
1008350155739934720
1008351024581697536
1008356694265507840
1008357317056835584
1008361400002121728
1008362418102325248
1008375023676030976
1008375983114801152
1008384449107537920
1008385299443879936
1008388848848637952
1008389389750239232
1008392938777464832
1008395692837146624
1008403701202063360
1008406099018444800
1008407694217269248
1008416823027609600
1008420243293827072
1008425844317085696
1008429195133931520
1008432935563718656
1008436506351022080
1008438204364554240
1008438707001708544
1008453634856714240
1008453636672970752
1008453637729865728
1008453651923337216
1008453652728696832
1008456493035933696
1008459894230528000
1008466144393494528
1008475039946104832
1008479718490951680
1008483658200698880
1008487045461893120
1008499491215958016
1008502140535357440
1008506005020467200
1008506888508592128
1008506953209765888
1008509273578573824
1008510116885221376
1008531153421205504
1008535787313360896
1008547000227266560
1008549779020877824
1008554182230433792
1008555808647450624
1008560930609876992
1008562415544479744
1008568479929135104
1008586247210766336
1008588021149720576
1008595108441284608
1008602041005105152
1008603248419168256
1008618600427483136
1008634811521650688
1008634816898707456
1008634819058823168
1008634834732843008
1008634835500400640
1008634836393844736
1008661506756612096
1008663479266545664
1008671851961348096
1008682763854024704
1008684645540663296
1008686806538358784
1008696761106468864
1008698480079056896
1008704435315453952
1008710073311485952
1008710486907596800
1008710932426608640
1008714643072831488
1008715678243807232
1008720904539344896
1008725133505323008
1008726089429110784
1008726349635309568
1008730138949939200
1008734476577443840
1008735133871099904
1008736221772767232
1008738094823149568
1008739567317336064
1008743666645549056
1008744624494661632
1008745306505273344
1008753163615293440
1008766015205883904
1008766593910956032
1008771292986839040
1008771529595916288
1008774630830587904
1008777940715307008
1008782696095547392
1008782872302575616
1008783580636557312
1008784389168336896
1008785936430305280
1008786842651713536
1008789642223775744
1008792208638730240
1008799092254879744
1008802070193954816
1008802666288435200
1008805055506419712
1008806032309739520
1008808260126826496
1008812848426962944
1008813336623046656
1008818342977855488
1008825336275066880
1008838229338886144
1008840843782971392
1008851528315277312
1008854517071400960
1008855206216560640
1.008856994525e+18
1008860877980946432
1008861658201100288
1008862857411391488
1008863891974213632
1008868865076617216
1008871690523340800
1008872038210121728
1008875048390684672
1008876358561386496
1008876809205628928
1008877984139366400
1008878879488872448
1008879642936213504
1008882024860356608
1008883245692448768
1008902906509189120
1008904407377833984
1008911818440441856
1008918431159275520
1008919141795823616
1008920509353005056
1008924357568159744
1008926848707977216
1008928371923980288
1008940374415499264
1008941165226311680
1008946347603628032
1008960380713029632
1008980727742881792
1008992705580617728
1008996206293471232
1008997137231810560
1008997140176293888
1008997142369841152
1009010306603978752
1009011443524624384
1009027898924306432
1009030141635227648
1009030539079290880
1009043072443932672
1009050394767646720
1009050796221059072
1009051456102719488
1009056770180943872
1009057572681285632
1009063401186840576
1009066987161440256
1009073009154449408
1009073153723850752
1009073155934220288
1009074151758364672
1009081562992787456
1009086281450704896
1009093009475072000
1009094355775315968
1009094720402776064
1009096546858614784
1009097079132651520
1009099143107809280
1009099154398896128
1009099394786971648
1009103572355731456
1009105536384716800
1009105687824216064
1009105951951949824
1009106371860561920
1009114941389983744
1009115373063548928
1009118122173968384
1009122848311595008
1009123433647607808
1009123574332837888
1009126043955761152
1009128727211462656
1009134144444608512
1009134798399365120
1009135146874781696
1009137803320438784
1009138313884815360
1009138999267614720
1009141956952363008
1009152791594627072
1009153888388374528
1009153967308173312
1009154885927960576
1009156124669603840
1009157568382623744
1009162613379551232
1009163790980612096
1009165062840336384
1009168979947065344
1009172898064592896
1009173303968268288
1009178160649330688
1009182648403677184
1009183159685124096
1009189541218045952
1009194364868980736
1009204397195358208
1009208301635211264
1009210882495336448
1009211672454684672
1009222006653489152
1009223244568723456
1009226788059406336
1009234426230923264
1009240969756065792
1009241320794312704
1009244900225888256
1009246364503592960
1009254116608970752
1009254666381774848
1009259608228220928
1009260421944135680
1009260955488935936
1009263463036801024
1009265918323482624
1009270114447814656
1009278756534542336
1009285444696199168
1009291258592780288
1009297356196417536
1009308989471911936
1009311093854855168
1009333748813320192
1009339989593817088
1009343812282585088
1009367689482194944
1009411104429264896
1009417598365306880
1009423472664211456
1009425600136740864
1009426794934513664
1009432503931850752
1009438924543062016
1009446333156089856
1009447511260647424
1009447714436927488
1009453322951184384
1009456147655360512
1009456242413142016
1009459650817875968
1009460360921968640
1009462199046365184
1009464213927022592
1009465904571138048
1009466205659389952
1009466457401516032
1009469126660653056
1009470015974924288
1009477147705126912
1009478499021701120
1009479728380698624
1009481434019647488
1009486945527967744
1009487459967627264
1009489096593506304
1009497532966326272
1009497618869866496
1009499636137123840
1009503826435592192
1009504473306320896
1009518803645059072
1009520016369201152
1009522135751122944
1009523581401882624
1009525147924123648
1009525402300309504
1009525735759872000
1009526133736591360
1009530842182508544
1009533069148282880
1009541973089320960
1009545331388928000
1009548752674312192
1009550894134804480
1.009551177179e+18
1009553345776775168
1009553351715876864
1009556349045301248
1009562317426692096
1009563983987314688
1009564812068573184
1009570643011129344
1009572146912354304
1009576731513163776
1009577718021787648
1009580883198840832
1009583058897592320
1009584206907953152
1009586445835649024
1009596815673577472
1009602120687980544
1009605154792988672
1009607425731653632
1009622186498420736
1009637965545418752
1009659939965587456
1009673356726005760
1009679520654413824
1009694984361017344
1009699586653466624
1009710075701702656
1009725213829890048
1009741181524303872
1009757247176695808
1009768894268166144
1009772239762395136
1009772687957417984
1009777453751910400
1009780566680657920
1009783726518276096
1009785563619225600
1009786529915592704
1009787240388718592
1009789197891325952
1009789502955630592
1009792559131095040
1009794470248960000
1009794814882152448
1009809225915289600
1009809888527175680
1009810588468482048
1009812350629793792
1009816191995666432
1009820051204071424
1009830529183748096
1009832380566245376
1009832947069923328
1009839371846070272
1009842689897005056
1009843393718046720
1009844823279460352
1009854181119873024
1009854391065575424
1009860944212692992
1.009861027499e+18
1009866414398820352
1009873586956496896
1009873645055901696
1009875737313099776
1009884956636704768
1009898755343208448
1009903014004576256
1009912872531644416
1009927346084859904
1009928120214966272
1009929345887035392
1009934208863793152
1009934294754574336
1009959207993511936
1009964439762800640
1009966823134187520
1009980749288620032
1009981792042954752
1009987596867461120
1009988357982695424
1009989632740605952
1009996319417511936
1010006169283366912
1010008221031886848
1010009402932252672
1010012153141587968
1010012388496535552
1010019389121286144
1010029071768563712
1010084460086353920
1010084461889941504
1010084464142233600
1010094428688732160
1010130973718138880
1010131135559593984
1010138587755663360
1010138839019610112
1010138905046286336
1010139104552636416
1010139762492084224
1010147878751350784
1010169172070825984
1010169295706443776
1010179149846253568
1010180565256024064
1010183484000931840
1010186608459616256
1010212593695326208
1010226177624207360
1010226503047700480
1010230728301404160
1010235620210495488
1010236058397601792
1010236114395942912
1010238427718213632
1010238607569899520
1010242088422793216
1010242791493029888
1010242796354236416
1010246860911595520
1010248721844588544
1010253931849625600
1010257291860430848
1010257407388340224
1010258642011131904
1010262109316419584
1010262185589829632
1010263439556644864
1010264147077017600
1010266576820502528
1010276588884144128
1010283753447546880
1010284139784953856
1010286556257701888
1010288296524738560
1010290978434043904
1010295617258573824
1010296332827987968
1010296695643488256
1010299287207436288
1010301412025290752
1010305406130798592
1010308444031725568
1010309627119112192
1010312167076216832
1010319689799602176
1010321598782504960
1010322735766081536
1010327872429543424
1010330662107115520
1010331234310868992
1010332323378757632
1010334860039335936
1010337208983646208
1010340664175783936
1010344315804180480
1010345061656166400
1010345602968883200
1010345647495663616
1010345772527730688
1010356929963659264
1010358543944437760
1010359023764475904
1010363970887168000
1010373289498292224
1010381768409665536
1010385166521552896
1010407690592505856
1010409112373428224
1010424660515844096
1010425231566090240
1010446711939059712
1010446713633550336
1010446718003904512
1010446732096925696
1010446733766283264
1010454915871903744
1010456183017177088
1010470939446964224
1010473809055494144
1010476832616050688
1010479958056194048
1010481059463663616
1010486188640210944
1010497969030909952
1010506555064832000
1010509987477704704
1010513678486134784
1010520476463099904
1010548496192229376
1010551484755447808
1010556751744290816
1010559847375556608
1010560246627078144
1010565803731816448
1010573149413486592
1010573933429645312
1010577528854073344
1010583717809537024
1010588541573828608
1010599566218072064
1010606022631796736
1010611845533782016
1010612152405766144
1010616513345261568
1010619454860951552
1010626140417986560
1010635263498956800
1010638965999796224
1010642666726584320
1010645554307784704
1010647913226293248
1010651059486744576
1010654410219941888
1010655619697856512
1010655984824418304
1010667755031261184
1010671641037287424
1010671702576189440
1010675670853222400
1010681818016878592
1010683975587811328
1010686851672182784
1010690429984133120
1010693685565054976
1010696640313819136
1010696958493822976
1010722606608199680
1010737144049135616
1010746933739061248
1010776370358685696
1010809355514601472
1010817491734540288
1010839026255794176
1010847521340641280
1010855075911266304
1010856461935603712
1010870438346608640
1010870614373040128
1010872920573296640
1010886876864053248
1010888341611515904
1010889918367850496
1010901109794222080
1010904749732872192
1010916643973853184
1010932899623964672
1010937129680162816
1010942972542750720
1010943978693382144
1010948298117533696
1010952098274562048
1010952554539372544
1010961010423926784
1010964073025097728
1010985194822696960
1010990280693207040
1010990281565536256
1010990282383511552
1010990299156533248
1010990300813254656
1010996575701594112
1010996900106067968
1011002829731913728
1011006158646272000
1011009501124878336
1011015376665276416
1011022907559043072
1011024567194869760
1011025664747679744
1011032277038567424
1011034604453711872
1011040362205499392
1011044502620917760
1011046132955295744
1011046400216457216
1011050178332069888
1011057414429462528
1011066350742036480
1011098492704641024
1011102888104374272
1011109201140178944
1011112514510352384
1011122279277842432
1011129188588240896
1011152531051827200
1011155755020496896
1011159252595949568
1011170038806712320
1011171988470034432
1011185697334624256
1011199976129646592
1011203632296013824
1011208917135904768
1011215566068215808
1011221533283553280
1011223715449856000
1011226801660727296
1011227244499488768
1011233874872012800
1011241298324525056
1011247127291486208
1011247522612940800
1011252488455024640
1011255951553433600
1011258074475237376
1011260025627709440
1011262034665598976
1011265339936657408
1011267877087924224
1011274758779006976
1011274962873798656
1011275941170106368
1011276710912954368
1011277669110026240
1011281176000991232
1011290303943335936
1011296478692872192
1011298665846018048
1011299148266647552
1011304075516788736
1011306882693201920
1011307896741777408
1011313814795702272
1011313963592712192
1011315011116036096
1011315066686332928
1011318461941932032
1011324980716376064
1011326655657398272
1011330522461687808
1011330782798012416
1011337078569828352
1011341654039650304
1011341787838013440
1011344841484193792
1011345710997032960
1011351537497460736
1011352016508084224
1011352624606703616
1011352626213150720
1011352639848763392
1011352645523603456
1011352648103223296
1011352648942014464
1011360773845553152
1011363673850380288
1011368980962009088
1011370860542857216
1011376450757451776
1011378260020776960
1011378636157530112
1011380433647554560
1011380612354269184
1011382232567730176
1011389656485818368
1011395401298030592
1011400071433211904
1011402273405227008
1011405961926447104
1011408084005093376
1011408759573417984
1011412199347236864
1011415730758307840
1011418259571306496
1011418690724794368
1011423836238237696
1011434929060765696
1011436134088495104
1011442383580483584
1011444496666644480
1011445907664097280
1011447103506321408
1011448025070305280
1011455194239045632
1011455509361147904
1011456023314468864
1011462453526454272
1011466258108145664
1011473894799073280
1011476719805624320
