1041918136977580032
1041924192440963072
1041925392968429568
1041929550299418624
1041932379248451584
1041938859699957760
1041938939156627456
1041944858993164288
1041974394413871104
1041974395701534720
1041974396104179712
1041976049431703552
1041983157669699584
1041994820057788416
1041999719332032512
1042002994856972288
1042006091125739520
1042007490680909824
1042027888248348672
1042039788839292928
1042042335377248256
1042052705257250816
1042058201418489856
1042058313926696960
1042065335174615040
1042065986080399360
1042079521938321408
1042080905291083776
1042081959743172608
1042087252841648128
1042087321741479936
1042091714092179456
1042092927852466176
1042095727458041856
1042101603891929088
1042103215733522432
1042103236428275712
1042108621977542656
1042109281665990656
1042111046943756288
1042116877894475776
1042117951485370368
1042119116272885760
1042126109939138560
1042127165377130496
1042130925662994432
1042131026401796096
1042136188457570304
1042138482704035840
1042141106618675200
1042152296208130048
1042155578343211008
1042155580796940288
1042155591303614464
1042155610769371136
1042155611792834560
1042155612405149696
1042161690123677696
1042163151159140352
1042175852350464000
1042179556420018176
1042181414089891840
1042186537809702912
1042193604154929152
1042193705447419904
1042193894463754240
1042196549684666368
1042196622229340160
1042197773133799424
1042200976147472384
1042207349971341312
1042208498451406848
1042211467880263680
1042212347757187072
1042215786402775040
1042218392940412928
1042218613200093184
1042220296600793088
1042224787563663360
1042225159015477248
1042227754840743936
1042230000152338432
1042232568165408768
1042239546438676480
1042242882520973312
1042245828465836032
1042258402515202048
1.042258915919e+18
1042259141207699456
1042262054613274624
1042273027088539648
1042282276535431168
1042314156135907328
1042314438173499392
1042336763698655232
1042336764927635456
1042336785932734464
1042339020309704704
1042345766390575104
1042347133788151808
1042359069649117184
1042361480669265920
1042370669042851840
1042373068822179840
1042377378989654016
1042379081772195840
1042382179089764352
1042382727314583552
1042385340022042624
1042387591943872512
1042387675045679104
1042391067092500480
1042398894704021504
1042405291541884928
1042405652117635072
1042410747957899264
1042417747894960128
1042421664519208960
1042422445611929600
1042423665395204096
1042426931642228736
1042433169117597696
1042435386465824768
1042437177546862592
1042441234818641920
1042443367647531008
1042445615983153152
1042449518745157632
1042451386745663488
1042452775530061824
1042453809744601088
1042454768931811328
1042457227162865664
1042457534311944192
1042458423881854976
1042460594845016064
1042460597806227456
1042461678049255424
1042463085951418368
1042463715008958464
1042464796342407168
1042467005188587520
1042473998557298688
1042480808685170688
1042483297220100096
1042484603750154240
1042489921846607872
1042490566649380864
1042491011568529408
1042492210565062656
1042493149040574464
1042493185388212224
1042494990704734208
1042499257733926912
1042505166765928448
1042507366007271424
1042507408495529984
1042511157322342400
1042512242493849600
1042517962631127040
1042517986165313536
1042517986349920256
1042521106526158848
1042522864812007424
1042523301107654656
1042529588935643136
1042532604661051392
1042537073306206208
1042539025041567744
1042539956135026688
1042544724521840640
1042549810459537408
1042556522864103424
1042557433162477568
1042559014335381504
1042559575667429376
1042559915947122688
1042561330081759232
1042563201932701696
1042563649045454848
1042564434353377280
1042566310939553792
1042567423508008960
1042567715410436096
1042569062637813760
1042569665560555520
1042569845836066816
1042576673936470016
1042585891531907072
1042589740200013824
1042590551038717952
1042591328758984704
1042594473086279680
1042598324736598016
1042604433325010944
1042606085842952192
1042608053768650752
1042609538166214656
1042609597289254912
1042618058165051392
1042619327076290560
1042622481662525440
1042635277423063040
1042635932111958016
1042641467372535808
1042649182803091456
1042651123532873728
1042655047690014720
1042657712595582976
1042658071208574976
1042669467568943104
1042700826303717376
1042702203771863040
1042704361871298560
1042707594815647744
1042708613700169728
1042715505105231872
1042715645480189952
1042717605402955776
1042728708233150464
1042734659413716992
1042747821856833536
1042760658520080384
1042767376830349312
1042768118500737024
1042771153398325248
1042771563676876800
1042776758058147840
1042779557898739712
1042783535864709120
1042785336374517760
1042791020067319808
1042792954186784768
1042794575675445248
1042795798575104000
1042798742401961984
1042799386743517184
1042800049355452416
1042800376548925440
1042802287863709696
1042802580781498368
1042803176145973248
1042803586244268032
1042811357014511616
1042812121145176064
1042812712537845760
1042813736267014144
1042814601191194624
1.042815089211e+18
1042817820265013248
1042823819835199488
1042826388393345024
1042827631815811072
1042830156317052928
1042834715391209472
1042837133839552512
1042842288978833408
1042848191375323136
1042851824296841216
1042859268616192000
1042861283752718336
1042861371031904256
1042868661487251456
1042878297988915200
1042879846206980096
1042883857094266880
1042884063734915072
1042885630198407168
1042887016223068160
1042887024167079936
1042889826150834176
1042893965035483136
1042898785913860096
1042905447156604928
1042905752506064896
1042908732269768704
1042910085461303296
1042911038826598400
1042911054580338688
1042912196039266304
1042912637833629696
1042921401303400448
1042922613734027264
1042923085626785792
1042923143365632000
1042923398450630656
1042925064251891712
1042925158409928704
1.042925832271e+18
1042925865418416128
1042937789317357568
1042939652825665536
1042940086705283072
1042941757271494656
1042948313543323648
1042951159571537920
1042951978379137024
1042953761038249984
1042959934453731328
1042963595074711552
1042965233403351040
1042966839590940672
1042967901274300416
1042974051063484416
1042975576703660032
1042982873836400640
1042982953310015488
1.04298459132e+18
1042985835174318080
1042986199441235968
1042988532699021312
1042994858716061696
1043012415581872128
1043026858613170176
1043032047290175488
1043056153003941888
1043067161093259264
1043067892810637312
1043094824503726080
1043101645603852288
1043106108829773824
1043107471714177024
1043112345738903552
1043113701396627456
1043115533145649152
1043118620778405888
1043122437620224000
1043122469408829440
1043124841371643904
1043125020699123712
1043125238328963072
1043125289604325376
1043128041533304832
1043145218193846272
1043147763305918464
1043151688281014272
1043154596166680576
1043155276013006848
1043155493341089792
1043157084823580672
1043161694598443008
1043162647338905600
1043163871756906496
1043167639361794048
1043171013758861312
1043174492745486336
1043179979780120576
1043184031364333568
1043193600929157120
1043193773621223424
1043196424387784704
1043197073150099456
1043197776631197696
1043203434717958144
1043205783352164352
1043208867344277504
1043208869797920768
1043210088582991872
1043215565547098112
1043220035685306368
1043221276335263744
1043230548741767168
1043234571133706240
1043235329749209088
1043242113738010624
1043244883769741312
1043245959386300416
1043256765381525504
1043260595523526656
1043262283596615680
1043266909838422016
1043267000682930176
1043270913372966912
1043276473816166400
1043277160218165248
1043277671877103616
1043278536885370880
1043279201116323840
1043281182639583232
1043281893712650240
1043282103289475072
1043283435987632128
1043283789705883648
1043285003738722304
1043285081790533632
1043285488897994752
1043285757245440000
1043287884390965248
1043288668738215936
1043288761281466368
1043289146238947328
1043290532103868416
1043291900285861888
1043293607602610176
1043301485038239744
1.043301811334e+18
1043304411525795840
1043304834508763136
1043305792542257152
1043305959433666560
1043306404113776640
1043310840664023040
1043311263709835264
1043313241038970880
1043315886512373760
1043316031505293312
1043316062681526272
1043316615511764992
1043317030567534592
1043318407423315968
1043318577779097600
1043319224712810496
1043320804585480192
1043322053150035968
1043325013913468928
1043328565117444096
1043328952268247040
1043338847419944960
1043343911496962048
1043346419094933504
1043351863041646592
1043353679229857792
1043354663821684736
1043359121670631424
1043364371332620288
1043365073463517184
1043367280002756608
1043374329545797632
1043383301392629760
1043384512758116352
1043386459787419648
1043387412926218240
1043394593025273856
1043406216792354816
1043420933330030592
1043443580403109888
1043447567332331520
1043448932049846272
1043463860387291136
1043468012400136192
1043475022352928768
1043475362804568064
1043476395719057408
1043481395979530240
1043489063020453888
1043491771542433792
1.043499986347e+18
1043500583586545664
1043507759298166784
1043508375353315328
1043515644799475712
1043515782158782464
1043515900324798464
1043521982073954304
1043525096743297024
1043525542304206848
1043526477340442624
1043532762601455616
1043533885466918912
1043534644589854720
1043547316982960128
1043550742429224960
1043558255937691648
1043562298227417088
1043567284277530624
1043570363064635392
1043576069406773248
1043577046486724608
1043577791759953920
1043579379585048576
1043584681965424640
1043589215282454528
1043592510008975360
1043594408984305664
1043596339815350272
1043605862399410176
1043606528283107328
1043614963061919744
1043616408721088512
1043618522126012416
1043620571693637632
1043625628098936832
1043627123800453120
1043627879278481408
1043629586460934144
1043632076702932992
1043635116319428608
1043636269643964416
1043645392502628352
1043646147531816960
1043646472825315328
1043662563924275200
1043668029421367296
1043681107344908288
1043697204253347840
1043699121880686592
1043702484794073088
1043704226793156608
1043705271854481408
1043724870062731264
1.043726746561e+18
1043729710021312512
1043736358634700800
1043763087793430528
1043763637632946176
1043766726314287104
1043771652348227584
1043773910964158464
1043779665679278080
1043803351845142528
1043816557623808000
1043819517628096512
1043820991300812800
1043843657575669760
1043849594927534080
1043853609652416512
1043855048294506496
1043862165873217536
1043862741205884928
1043862839327428608
1043862891198337024
1043862977194143744
1043866261489213440
1043875006235590656
1043881022021144576
1043887423158198272
1043891441108430848
1.043892928136e+18
1043897868896161792
1043902965344620544
1043903471903285248
1043903685280043008
1043904435619946496
1043905873813241856
1043909321547902976
1043926997553094656
1043937589932298240
1043939299740114944
1.043942331723e+18
1043951621401600000
1043953270530732032
1043961963116732416
1043964933795274752
1043975312047050752
1043976015465394176
1043976072264601600
1043976089230553088
1043978306876407808
1043997124877152256
1044005546926452736
1044007845950369792
1044008534973853696
1044010920379330560
1044015718138880000
1044017411656220672
1044019664177844224
1044020530817511424
1044022211382775808
1044024868424101888
1044033140396879872
1044036982261895168
1044038923171897344
1044039334268227584
1044044646811402240
1044045746989760512
1044053541403455488
1044054625467289600
1044057099469238272
1044059819089555456
1044068367630585856
1044071460782964736
1044077449749790720
1044148921705132032
1044148922518835200
1044148923357691904
1044148944035610624
1044148944329166848
1044148945189064704
1044182640226697216
1044188144122384384
1044197167781437440
1044214792477708288
1044215605560315904
1044216360790892544
1044217784425754624
1044219124048711680
1044224038082682880
1044224220081922048
1044225616063713280
1044231778209161216
1044232476703551488
1044237167982047232
1044244640973672448
1044244958650216448
1044246099400294400
1044264109670367232
1044265138876899328
1044269299538558976
1044282709772832768
1044283962368176128
1044284604906070016
1044297097636450304
1044305865694752768
1044306141675745280
1044308448052236288
1044311948148510720
1044312701659361280
1044315444570722304
1044334741888147456
1044336261773684736
1044338981641441280
1044343492930088960
1044344351541927936
1044346009864876032
1044355927468593152
1044369345059725312
1044369551859896320
1044370924819091456
1044371961986641920
1044376183654240256
1044378257670451200
1044381341108834304
1044384237951090688
1044397333864214528
1044399738014052352
1044418849666486272
1044419529143652352
1044421986783559680
1044422186134642688
1044430880897257472
1044437440830861312
1044439908268605440
1044446254296698880
1044447781434191872
1044452801420517376
1044456591615942656
1044469242110840832
1044472881789329408
1044477148159868928
1044479132686462976
1044513975105458176
1044514125190246400
1044515846918467584
1044531979985784832
1044533247806504960
1044555548753047552
1044555988525887488
1044559150196445184
1044560439168905216
1044567488464334848
1044568583781650432
1044575701951762432
1044580545366290432
1044582310685941760
1044582564365656064
1044582930616467456
1044583421140361216
1044583598601383936
1044585407608905728
1044586020497289216
1044592313593356288
1044616448935698432
1044616783594950656
1044620323008770048
1044623143283949568
1044623272254590976
1044630633916461056
1044632187138502656
1.044633297933e+18
1044633887908016128
1044640631199543296
1044644277383499776
1044646975675789312
1044649277627277312
1044649373714575360
1044652885429161984
1044653510690693120
1044658359763316736
1044661757116129280
1044670833342513152
1044679098218491904
1044679296168742912
1044680961525407744
1044681787610255360
1044684525220057088
1044689381175554048
1044693524191547392
1044702289565429760
1044702746752966656
1044711272518840320
1044716708663947264
1044721264139685888
1044727228083236864
1044728122979930112
1044733342044901376
1044738313146552320
1044739802397069312
1044748678647279616
1044758780968411136
1044759145658761216
1044762605183807488
1044762640566890496
1044763766452293632
1044771200935768064
1044773935814823936
1044774113649328128
1044774852719185920
1044776145399545856
1044776290325164032
1044778312483172352
1044782418861981696
1044786961817501696
1044787758546472960
1044796110961668096
1044801003260981248
1044801485790425088
1044812534660911104
1044816315767230464
1044832853878611968
1044853010885677056
1044888639212269568
1044894052351692800
1044914555774619648
1044916438639812608
1044921375264264192
1044934185834536960
1044937915728613376
1044940678940241920
1044946000702509056
1044954349460381696
1044959333010821120
1044967728224903168
1044973049144135680
1044985196964179968
1044991982597222400
1044993571215028224
1044995520081645568
1045003449891467264
1045003677805686784
1045004653367316480
1045016501718323200
1045021518835503104
1045022463938240512
1045024011200032768
1045029805522071552
1045029949927612416
1045031358941151232
1045038955329011712
1045039670499966976
1045042529249480704
1045042894145564672
1045048422959525888
1045049737756401664
1045053246430220288
1045061241352392704
1045063908409724928
1045064275633590272
1045075179028828160
1045078336983183360
1045078889788137472
1045087809902501888
1045088609466904576
1045094588460015616
1045095726462775296
1045099510156783616
1045099601613574144
1045100105546772480
1045102119622242304
1045103810069311488
1045107503971926016
1045113453885771776
1045113577378664448
1045113672924827648
1045115955427209216
1045124066338906112
1045127708492136448
1045151913761796096
1045156856463683584
1045162866280607744
1045165760526471168
1045168355286474752
1045189097931698176
1045199303168466944
1045203973706199040
1045264858009268224
1045274654464770048
1045279274473803776
1045279331638018048
1045287031117664256
1045289649319661568
1045300060135837696
1045300856999038976
1045303975178731520
1045306783797895168
1045307751453339648
1045312049130205184
1045316145392373760
1045319275190390784
1045329016310439936
1045332263444074496
1.045333481579e+18
1045340036600877056
1045343649154945024
1045345208576167936
1045348656956628992
1045349786914889728
1045358671134371840
1.04536065944e+18
1045361481783611392
1045366491896377344
1045369971893620736
1045373101809242112
1045374070227791872
1045376650484109312
1045378077075877888
1045380180116746240
1045387870549233664
1045388088736911360
1045391110699397120
1045392442692898816
1045393942286663680
1045395461627146240
1045395822592978944
1045397535127474176
1045397627335061504
1045399249289015296
1045404513706889216
1045412310901305344
1045416236526448640
1045417153812418560
1045426614044151808
1045436210137579520
1045437713086697472
1045440972807499776
1.045442494606e+18
1045446552834265088
1045450053677182976
1045455132534755328
1045456122344235008
1045457046798290944
1045458101200203776
1045459534511316992
1045466719412727808
1045493145306312704
1045494104614989824
1045496436811423744
1045497802648948736
1045504069211758592
1045510718475436032
1045522917939965952
1045524611209793536
1045531837823692800
1045532671848243200
1.045534150458e+18
1045566344161374208
1045574006785671168
1045587383926894592
1045591136960753664
1045619912402763776
1045632389395943424
1045634551953981440
1045648814974144512
1045650830060396544
1045653189759049728
1045656617210064896
1045662179276587008
1045669266371104768
1045679335447965696
1045679941302521856
1045694973893578752
1045698586124513280
1045698696342589440
1045701262480723968
1045701808734294016
1045703369183154176
1045720069295222784
1045720975348830208
1045727272731381760
1045733838352199680
1045734708284256256
1045734711585386496
1045738715748790272
1045743747345141760
1045748910529089536
1045759488634961920
1045767926874353664
1045771947496353792
1.045777258345e+18
1045783801333514240
1045793483003502592
1045801968546009088
1045805656572350464
1045820504089776128
1045823029299732480
1045827383604006912
1045845412203048960
1045847623037415424
1045849846106730496
1045853796927180800
1045861630784024576
1045862912349343744
1045865272668815360
1045868255645057024
1045871038498770944
1045876925598765056
1045879225922859008
1045881023001759744
1045887037893734400
1045891725355433984
1045891992926924800
1045892960372416512
1045894033124409344
1045911709779668992
1045915210131755008
1045957022397607936
1045967384723509248
1045975990692966400
1045999171315077120
1046032036576808960
1046033531443585024
1046040723466989568
1046041458548068352
1046041473521717248
1046042666549547008
1046044476505042944
1046048704229191680
1046050014299115520
1046053714967101440
1046054487398518784
1046055283896840192
1046059822259589120
1046060952393797632
1046061416631930880
1046066922482257920
1046067823108329472
1046071298886184960
1046072768008278016
1046094035356651520
1046094299673300992
1046094834463903744
1046103511371517952
1046111143339708416
1046115241963253760
1046122853047898112
1046128927075422208
1046133397368844288
1046143839042334720
1046145499982487552
1046146413128822784
1046150911024930816
1046153013197508608
1046156932246048768
1046163070748372992
1046167045400875008
1046181563287900160
1046182606369304576
1046182859223040000
1046186207053516800
1046188841231626240
1046189155540250624
1046194203309600768
1046215298876084224
1046216126240354304
1046219223876423680
1046219290926600192
1046219866762612736
1046223370608611328
1046229750824529920
1046230092844806144
1046231070356779008
1046243168377659392
1046247110650339328
1046248721464389632
1046280706203295744
1046288509118623744
1046299680538324992
1046311734481321984
1046314622909894656
1046320777400909824
1046362128079360000
1046373425575546880
1046375590511562752
1046376536641683456
1046392996088897536
1046410443487612928
1046414709308764160
1046415067900719104
1046415715761192960
1046417111105433600
1046433508250591232
1046433949541642240
1046447282533658624
1046450156412047360
1046461741083832320
1046472478367703040
1046474344040419328
1046475166358929408
1046476804809273344
1046476817413038080
1046481119233941504
1046485820440555520
1046487522023432192
1046498206396211200
1046502905254019072
1046505847747235840
1046508363092176896
1046519385307910144
1046523380864876544
1046526849940180992
1046527630512713728
1046528385147711488
1046531087562928128
1046538308820467712
1046539056656584704
1046539800805871616
1046544045487673344
1.046545259789e+18
1046551902555594752
1046552599107792896
1046562184527056896
1046562928013373440
1046567867695562752
1046573085892186112
1046581940286050304
1046585370270412800
1046592393171034112
1046597405209251840
1046599158176649216
1046603130627084288
1046604096164286464
1046634371841699840
1046636219424231424
1046636546659475456
1046641284000227328
1046642083132362752
1046652314684203008
1046673967715573760
1046692120109748224
1046723314914390016
1046731093209227264
1.046744833208e+18
1046745262012715008
1046745389188173824
1046750339796553728
1046753752965877760
1046755170892337152
1046758060511891456
1046763922131472384
1046764492078571520
1046764569270603776
1046771664787247104
1046773275014119424
1046784371787730944
1046785511325663232
1046785513494138880
1046785629659566080
1046794216037183488
1046794939391139840
1046801388825665536
1046801981241741312
1046803965239689216
1046804068838961152
1046804184358690816
1046804195737657344
1046804291187396608
1046804343394115584
1046804445651030016
1046804569202688000
1046804646088470528
1046804888309530624
1046806367619731456
1046806768695820288
1046812235710906368
1046816723461181440
1046818740573069312
1046826998251675648
1046832260274638848
1046835920723484672
1046837804364226560
1046843301599408128
1046843595502837760
1046844737779429376
1046849331083407360
1046858483184820224
1046859546373906432
1046860159987867648
1046863653578797056
1046864653328965632
1046866571157630976
1046866954412351488
1046867702990688256
1046869990379524096
1046870598851416064
1046870867219767296
1046870961327431680
1046874781184868352
1046883227510759424
1046883672538984448
1046883726892916736
1046884185552564224
1046887833875681280
1046892440970506240
1046893773534498816
1046895212994416640
1046906383411613696
1046907645817446400
1046907716680208384
1046913136639512576
1046913415812386816
1046919426145234944
1046919550833446912
1046924772657917952
1046926949388414976
1046928128134848512
1046928349799636992
1046934011673808896
1046934374560747520
1046934522573414400
1046934536817467392
1046936859081940992
1046944967917285376
1046948566864990208
1046952800649994240
1046953103575019520
1046954852629303296
1046956567374045184
1046959305801551872
1046962514498596864
1046963302708973568
1046966827400740864
1046974337432129536
1046976471091302400
1046977148307812352
1047017023425982464
1047079496459796480
1047081332386553856
1047088441568239616
1047090285778481152
1047093373687877632
1047112181861560320
1047123316933185536
1047125862691168256
1047131433427488768
1047146583035326464
1047154859114487808
1047159647138983936
1047161014221852672
1047166302291484672
1047170681488793600
1047171151330529280
1047173952647450624
1047188005633576960
1047190299137720320
1047190629846011904
1047190633021165568
1047190635638341632
1047192261015064576
1047194002116763648
1047196793694576640
1047203096219344896
1047207408613937152
1047207858532765696
1047210439262789632
1047213459090227200
1047222671807799296
1047223452145471488
1047226615053373440
1047230848553037824
1047234993657958400
1.04723513561e+18
1047235294490255360
1047235632198705152
1047236230960861184
1047236724672417792
1047240439596769280
1047240475265052672
1047241587334569984
1047249563747270656
1047258197621460992
1047263408847048704
1047270056344899584
1047271628667854848
1047274724919717888
1047276308059885568
1047276739070758912
1047278495972438016
1047282019250712576
1047284831422484480
1047288515820544000
1047309318230405120
1047311675962081280
1047312093299531776
1047312669492105216
1047315505705623552
1047315893108322304
1047326699774509056
1047328551991750656
1047331527162441728
1047332084929454080
1047333825875869696
1047334483022794752
1047336131669446656
1047338011887845376
1047339282229317632
1047354255282266112
1047356316308660224
1047357550390386688
1047376351433355264
1047390606060867584
1047420736929976320
1047422656520364032
1047429902901948416
1047429955615948800
1047443917468311552
1047447163435986944
1047450242386472960
1047450288926408704
1047454202262380544
1047454589186977792
1047468381463560192
1047470089807831040
1047483759707262976
1047487834100322304
1047490548234440704
1047496532319248384
1047503399573475328
1047506581838077952
1047506951448535040
1047507590555598848
1047516600977555456
1047525146716778496
1047527443886694400
1047527876831010816
1047528735459573760
1047531481667534848
1047531713021325312
1047538082029821952
1047548593337507840
1047548893041516544
1047549479132569600
1047559498796163072
1047560342048591872
1047565116630355968
1047568476066467840
1047571553792155648
1047577456323035136
1047577736145858560
1047579880152604672
1047580731864698880
1047583224363450368
1047584059902156800
1047589764117934080
1047600946065367040
1047600975614279680
1047603482805641216
1047608839313477632
1047615944858718208
1047618187427078144
1047620230879612928
1047623808394432512
1047625184683986944
1.047628663381e+18
1047629492104171520
1047629563675791360
1047631057317638144
1047632346189615104
1047632502926577664
1047633936665534464
1047635430517211136
1047639609516032000
1047640373781311488
1047641145533186048
1047642302674550784
1047646314476064768
1047646578822057984
1047649542022336512
1047651430612590592
1047654630421741568
1047656637354266624
1047656847740530688
1047657204155699200
1047657608457347072
1047659980629848064
1047660694802317312
1047665059286020096
1047670681209647104
1047673879097954304
1047675574095888384
1047676474919190528
1047679944095162368
1047687041838981120
1047692453426466816
1047701178988019712
1047701526410670080
1047701880581840896
1047704582036451328
1047708731243450368
1047719975111331840
1047725437420429312
1047735538667704320
1047788369516875776
1047789227679858688
1047805517316411392
1047828589218070528
1047840164817620992
1047842938154307584
1047843979599917056
1047845177765896192
1047845221009162240
1047850788104671232
1047856407809122304
1047861141509046272
1047861146969989120
1047862859089301504
1047864308334571520
1047866453746171904
1047874147756298240
1047876288533422080
1047879722271686656
1047884362010845184
1047891267156422656
1047901013007466496
1047908527094738944
1047916044822749184
1047920147078565888
1047924059688898560
1047924803666157568
1047925313076752384
1047925572167450624
1047928495022776320
1047930951110615040
1047941173837549568
1047952513109041152
1047954764288458752
1047958963587706880
1047960452679065600
1047967608706744320
1047969001089978368
1047969634329055232
1047972194612105216
1047973676115587072
1047973829627326464
1047986213116960768
1047987845821030400
1047990483576868864
1047994052111560704
1047994695098482688
1047994787838787584
1047994800904069120
1047996605381705728
1047998300094222336
1047998916120203264
1048004086623129600
1048006879761379328
1048007297920892928
1048010421821755392
1048012156514525184
1048012374966329344
1048015608212848640
1048016127790645248
1048016346271948800
1048023486483111936
1048028636937424896
1048033519585218560
1048041795727310848
1048042270514204672
1048042450051248128
1048051913156173824
1048052330543951872
1048068216155721728
1048070771652874240
1048073059364741120
1048073260196225024
1048087341674328064
1048091423332032512
1048095063669198848
1048101440361828352
1048160049451827200
1048164586900402176
1048164953079910400
1048183007910100992
1048186328205205504
1048192581065166848
1048198036059557888
1048200823589801984
1048203730888417280
1048204877137162240
1048210940586610688
1048214750365212672
1048218949970788352
1048229891060064256
1048232941128544256
1048233425025601536
1048236783862013952
1048243324644208640
1048243815121911808
1048244422209679360
1048246148505513984
1048246733682233344
1048250741180321792
1048251700451131392
1048256495937343488
1048258610000801792
1048269396521771008
1048269549081174016
1048275149475258368
1048275446171947008
1048275862876049408
1048278666021691392
1048280841305116672
1048300045391474688
1048304559578341376
1048305683160940544
1048309529795080192
1048310364587212800
1048315898262708224
1048316798888599552
1048317751352352768
1048321522350211072
1048344756370194432
1048346697120800768
1048348439350792192
1048349068584517632
1048349723495714816
1048349844551610368
1048357219614576640
1048360134878085120
1048360472565747712
1048364499651231744
1048383391450767360
1048398064824832000
1048401055124533248
1048418632370249728
1048442080429846528
1048478293958307840
1048498493231456256
1048560245377777664
1048566223880040448
1048568382503706624
1048572610425118720
1048580773412888576
1048587509993811968
1048589641656537088
1048590437114679296
1048595284752785408
1048596512383688704
1048601960314617856
1048605312570335232
1048607601485910016
1048612108466905088
1048619452793798656
1048620009705168896
1048620857021685760
1048623064571887616
1048628809744797696
1048629341733773312
1048632773068644352
1048637870783655936
1048643597954945024
1048645797473083392
1048648779631677440
1048651939288760320
1048652292856016896
1048652556950327296
1048658666159857664
1048661575358402560
1048664148085620736
1048664407188889600
1048664991577116672
1048674348511444992
1048677082937667584
1048681690422493184
1048682734556778496
1048683795572973568
1048684689299591168
1048689323648856064
1048692667083902976
1048697104137248768
1048699524519276544
1048704209779154944
1048711859036020736
1048714177827807232
1048715807499345920
1048718655649984512
1048719709766606848
1048725446140055552
1048726291774689280
1048727383942094848
1048731598408093696
1048735516923973632
1048736375179231232
1048737910722367488
1048738587049639936
1048742272211345408
1048752445655056384
1048755082655936512
1048760034962812928
1048769890872639488
1048770417589190656
1048773588801736704
1048773655109533696
1048777698632298496
1048780992251678720
1048785664269934592
1048793368900321280
1048800085163659264
1048811905018617856
1048827361666293760
1048831045100077056
1048831904206802944
1048831995458068480
1048832620438728704
1048847447437586432
1048871831644655616
1048890570993782784
1048892478739369984
1.048893918258e+18
1048907622697652224
1048909633753108480
1048926109620994048
1048927628495912960
1048928220740034560
1048929448366694400
1048943971597262848
1048947331331182592
1048950998855831552
1048953714902532096
1048955406586970112
1048965330972954624
1048966304097607680
1048979790009683968
1048984449025814528
1048985023666421760
1048987738429644800
1048992725893349376
1048995127275020288
1048996627669835776
1049001606333775872
1049003799145304064
1049004835339567104
1049014000095285248
1049016248972075008
1049016421882232832
1049021587981303808
1049022870238638080
1049025389203349504
1049026927099400192
1049027915084697600
1049030171221811200
1049030285067792384
1049033075391221760
1049035996896083968
1049038108732272640
1049045965498400768
1049056957129060352
1049065304985362432
1.049066986532e+18
1049077318172389376
1049080635728564224
1049081968518942720
1049088509280210944
1049090174481846272
1049098176211378176
1049106749461073920
1049112346642305024
1049126829368459264
1049129906699943936
1049138464346853376
1049139415304613888
1049145553676689408
1049154059368718336
1049160370303238144
1049173007267221504
1049196029063647232
1049197339389263872
1049218644150910976
1049242884040478720
1049242909416067072
1049251261978165248
1049258561472217088
1049260615372623872
1049270010361892864
1.049271491853e+18
1049272145359065088
1049274104061341696
1049275864163274752
1049276507401728000
1049286512804880384
1049289595081433088
1049303872974610432
1049313135226757120
1049315358925107200
1049315434347024384
1049317493012123648
1049319947988549632
1.0493272653e+18
1049327418052399104
1049329444777684992
1049332421542498304
1049333567338283008
1049337643450994688
1049338892405497856
1049342769188286464
1049345401881542656
1049351653583872000
1049357220528508928
1049357901314367488
1049358983373443072
1049359838625628160
1049360520283901952
1049360824656175104
1049361102956634112
1049363142852190208
1049364923879440384
1049369295325732864
1049369623429369856
1049373569170300928
1049374398522638336
1049374798357323776
1049376361616461824
1049377104008306688
1049377500902711296
1049379436523483136
1049379647350366208
1049384022055383040
1049385248629379072
1049386526872928256
1049386788266172416
1049388968737787904
1049390372130934784
1049396233884774400
1049396373173370880
1049396514525655040
1049406592641306624
1049410529305849856
1049419215533428736
1049423000783769600
1049428623843872768
1049430988588281856
1049431134122242048
1049433364892127232
1049434386125479936
1049437735541460992
1049438103289638912
1049440714294272000
1049444357013680128
1049446833062330368
1049451095104327680
1049459972587831296
1049460897142493184
1049462819689660416
1049467015331745792
1049468129900994560
1049471045395247104
1049471570257895424
1049473690771972096
1049474030443614208
1049474291660713984
1049486487916556288
1049488888820056064
1049492477294628864
1049495883409059840
1049495971527319552
1049496206215454720
1049503099281465344
1049517863801769984
1049529378286264320
1049532980899835904
1049536499912503296
1049559233975517184
1049583975625318400
1049588791273541632
1049607176120086528
1049614178388992000
1049621545998577664
1049627426530168832
1049635519120977920
1049638648285749248
1049641395420651520
1049642939780083712
1049643882781335552
1049655690317316096
1049660214855663616
1049667501590831104
1049668200303132672
1049683233544306688
1049692951377375232
1049698573795958784
1049698976117739520
1049699783407890432
1049700022495993856
1049701708681568256
1049703176314740736
1049703808375382016
1049704154132828160
1049709618367225856
1049710423157723136
1049711066064805888
1049714158843748352
1049714856591597568
1049715729954553856
1049717931569963008
1049724240461746176
1049727477751443456
1049727914172911616
1049729388244127744
1049730994826170368
1049731109947301888
1049736667064664064
1049737675169824768
1049738794306482176
1049739776222515200
1049741329071296512
1049742731914829824
1049743601155096576
1049747508023488512
1049752075058536448
1049753244392677376
1049756516537040896
1049757059590303744
1049758871051427840
1049763208037355520
1049763539630448640
1049766336832921600
1049771846709760000
1049787852022788096
1049791465210171392
1049792016740171776
1049793255997620224
1049796462157201408
1049796477483143168
1049796984217907200
1049798865740685312
1049799947128852480
1049801281332744192
1049807440047472640
1049811461063802880
1049811549110571008
1049815349993070592
1049818770146021376
1049828224765579264
1049833989568155648
1049835690639454208
1049837093101477888
1049837381837381632
1049837624368738304
1049837829205962752
1049838384225509376
1049839718366633984
1049848540535640064
1049851862197915648
1049852777210363904
1049855258757881856
1049856175196397568
1049856228426432512
1049857319222296576
1049858525290274816
1049861499324370944
1049864634663092224
1049865216211779584
1049877431027404800
1049881309546520576
1049883456887562240
1049885446875111424
1049885975743225856
1049891770719449088
1049909417435631616
1049923022499409920
1049941125522448384
1049941440174977024
1049960738859692032
1049965989893431296
1049971511745019904
1049974039064666112
1049976294790680576
1049978494195785728
1049980394928508928
1049982905072513024
1049987139734315008
1049988800284372992
1049991719951970304
1049998428581842944
1050001646854569984
1050008193445834752
1050009588622331904
1050009592103653376
1050010954635849728
1050019915103698944
1050021196534820864
1050021234870767616
1050022237611454464
1050024083507867648
1050024803883802624
1050026639076220928
1050028044767776768
1050028092176125952
1050030959809028096
1050031349812383744
1050032379887112192
1050033258044555264
1050035526722625536
1050038186313994240
1050039479086538752
1050040499313106944
1050042024882262016
1050042226984845312
1050043635687817216
1050043983609679872
1050044126069166080
1050044322257784832
1050046040152395776
1050046532723138560
1050048089405284352
1050049021211856896
1050049531759521792
1050050715161366528
1050053420143570944
1050058990556798976
1050059651348217856
1050065150999445504
1050066753496190976
1050070405795307520
1050070595126341632
1050071579789537280
1050071856227672064
1050072730601709568
1050073650177683456
1050074172867657728
1050075489463873536
1050079313771552768
1050083434318696448
1050084525949288448
1050085840955826176
1050087135531790336
1050088356330307584
1050090813668114432
1050091174915006464
1050091900211011584
1050094715180408832
1050099801294073856
1050100505735622656
1050103320977788928
1050103452498444288
1050103697617764352
1050110202685603840
1050111741290532864
1050112054164480000
1050116683963228160
1050117108774916096
1050117738050416640
1050121163807105024
1050121556867907584
1050122363126337536
1050125384275116032
1050129382126301184
1050134156284325888
1050137892880875520
1050138094480044032
1050139132738109440
1050140756902580224
1050143515651526656
1050144383222341632
1050145498227777536
1050147220924841984
1050147356866473984
1050152280048193536
1050152557614632960
1050154176599207936
1050157538212237312
1050160280766951424
1050163391141167104
1050163474985312256
1050166370850271232
1050167840714702848
1050169341084221440
1050169834980433920
1050171024317272064
1050175393033068544
1050175722604650496
1050180053605253120
1050181612628037632
1050182945464614912
1050186457112072192
1050187049939206144
1050188822238105600
1050188894300504064
1050189958072422400
1050190849366220800
1050191868624072704
1050198796477616128
1050199095908937728
1050199165089677312
1050200586963091456
1050201194306654208
1050201966159298560
1050205849749213184
1050206757933522944
1050211421739454464
1050212076256411648
1050213767638896640
1050213861905846272
1050220027985702912
1050221020114640896
1050221652846481408
1050232598457249792
1050238052919062528
1050239729243971584
1.05023973926e+18
1050246385898012672
1050253022331318272
1050254537985073152
1050255786289459200
1050257264123219968
1050269935467974656
1050288577681285120
1050323863672905728
1050327106205483008
1050335318770114560
1050337802217508864
1050340389419450368
1050341243920646144
1050345655988830208
1050353847774916608
1050360566009778176
1050360818800500736
1050361371949453312
1050368764900982784
1050369991915307008
1050370315518451712
1050371094165815296
1050372839411347456
1050374154069991424
1050374286584631296
1050377065650896896
1050377415606919168
1050377969590505472
1050384503951290368
1050385424923942912
1050386197753806848
1050388288995909632
1050389532015759360
1050389803009826816
1050391613573386240
1050393175020498944
1050393986664488960
1050397690046111744
1050400924848533504
1050405703431716864
1050407677568774144
1050410635870294016
1050411437464715264
1050411640775041024
1050421163736883200
1050423189036249088
1050426189125509120
1050428336621662208
1050429419779710976
1050429693072158720
1050431595885330432
1050434801881223168
1050437375266934784
1050438845274234880
1050438982050435072
1050440929696509952
1050442870610649088
1050446184958058496
1050446197851340800
1050447442611703808
1050448361457967104
1050448684104732672
1050453775897497600
1050457092707033088
1050458565285212160
1050459723865055232
1050460347319144448
1050466102399111168
1050468019808419840
1050468076087664640
1050472684495298560
1050474731848122368
1050475912804720640
1050476045017784320
1050479416965357568
1050480814163709952
1050483024218021888
1050486468219740160
1050488826890780672
1050488928770449408
1050489410318405632
1050491316960821248
1050492504028663808
1050492729107595264
1050498371641729024
1050499021578465280
1050501473086390272
1050501647267295232
1050502285393051648
1050507927566585856
1050507927566585856
1050509768333385728
1050510852481277952
1050515768788611072
1050522678308888576
1050524210563432448
1050524987226914816
1050532198955257856
1050532521933295616
1050533334156103680
1050535308754747392
1050535935950155776
1050539450714021888
1050539552488742912
1050546341921853440
1050550444777459712
1050553130839154688
1050556006856560640
1050559427022127104
1050560046244012032
1050564784712601600
1050570502484373504
1050570741182124032
1050573698485301248
1050574782687784960
1050575004872650752
1050576116879151104
1050578097098149888
1050581505645244416
1050583532106600448
1.050589364408e+18
1050596074065342464
1050601763420565504
1050608026237849600
1050636689264111616
1050660807883677696
1050681395255734272
1050690399558352896
1050692409326272512
1050694318124601344
1050698565339746304
1050700170600611840
1050702619658706944
1050706266698514432
1050711376929464320
1050720324029952000
1050720424240312320
1050723517489123328
1050727563574870016
1050727957491314688
1050733511903207424
1050736761184444416
1050739648127881216
1050739941959979008
1050745882503782400
1050746699193442304
1050749113036402688
1050749332784336896
1050749855566458880
1050758188176424960
1050759289667612672
1050760357591969792
1.050767070928e+18
1050767536571240448
1050769484464746496
1050776327094226944
1050779700791005184
1050779798107246592
1050780013593849856
1050780086234951680
1050785608149258240
1050787261921599488
1050788357050130432
1050788387697909760
1050789641014530048
1050791363774767104
1050792370122485760
1050793310489440256
1050794053573455872
1050798907163328512
1050806409938563072
1050816641376899072
1050823082552770560
1050823266586320896
1050825043503194112
1050832080676913152
1050833190821289984
1050834605400645632
1050835392595980288
1050839994489851904
1050840990511235072
1050847592572104704
1050849336475627520
1050851540632780800
1050851624166420480
1050852707915976704
1050853725764546560
1050857953694310400
1050859034817908736
1050862933486514176
1050863474488815616
1050863958855434240
1050866812819267584
1050870241725698048
1050879897298751488
1050883273751232512
1050894614796914688
1050895126372016128
1050903262260387840
1050906415852867584
1050906968959934464
1050907855509958656
1050908359057166336
1050908371552006144
1050910356758044672
1050910477633622016
1050915001312182272
1050916049267376128
1050925125196029952
1050926774782230528
1050932160276893696
1050939119621337088
1050941300730683392
1050951585680027648
1050961521327595520
1050964301631148032
1050965298369703936
1050968543448174592
1050972285195116544
1051006494584524800
1051043686417649664
1051045118155862016
1051049910475182080
1051052834777718784
1051065184792563712
1051072224965345280
1051080766824869888
1051081477574860800
1051085711586324480
1051088130017808384
1051093497225379840
1051105620257071104
1051106544249724928
1051107052020482048
1051112612199424000
1051128215195058176
1051128321688436736
1051130019941105664
1051131332418527232
1051131687890022400
1051135131937898496
1051135361127251968
1051137466583928832
1051139371343257600
1051154532829409280
1051159276792762368
1051159631786110976
1051159638140444672
1051162708702371840
1051172596245499904
1051176297538486272
1051183463758352384
1051183640313585664
1051190273760550912
1051194496275308544
1051200119247446016
1051200640737783808
1051202860514390016
1051206231824785408
1051209699889168384
1051210237762523136
1051214594511753216
1051217287913467904
1051217314824122368
1051217944103899136
1051218452176867328
1051239221695041536
1051245974646067200
1051256968374091776
1051259444846321664
1051264385941827584
1051270316071313408
1051272490528493568
1051273249512816640
1051275148358123520
1051277424992743424
1051282514860539904
1051285475896356864
1051288001874018304
1051288276408111104
1051288629421723648
1051299209305944064
1051305207202762752
1051306885108944896
1051308395372920832
1051309056118456320
1051311221335576576
1051312692940730368
1051319891834298368
1051323482154233856
1051325152112373760
1051327612910559232
1051328026036903936
1051336298877857792
1051339936274808832
1051340869322727424
1051361309978030080
1051366027357904896
1051369732098658304
1051376487402680320
1051389480161239040
1051394887097171968
1051409646244651008
1051414084011331584
1051426064675889152
1051434595919519744
1051438961825071104
1051453176828846080
1051460955857670144
1051466338915495936
1051468102729420800
1051471282682753024
1051472742913069056
1051473864000241664
1051475549019938816
1051477561702797312
1051479076068835328
1051481884931358720
1051484902821113856
1051486078618750976
1051496931959164928
1051501671593979904
1051509405219467264
1051510794133868544
1051515950745485312
1051516902827315200
1051517681570963456
1051518107448172544
1051521618982375424
1051523680390602752
1051536497327919104
1051537244157300736
1051539762346123264
1051540108657201152
1051541762802626560
1051542809692508160
1051546684256374784
1051550437835304960
1051552589605756928
1051557974903144448
1051559500296192000
1051564375507697664
1051568669841608704
1051568971823177728
1051570507127115776
1051573023533199360
1051575420737474560
1051579080636866560
1051580732160843776
1051605342331777024
1051605460321742848
1051606582507831296
1051607144154435584
1051611952345227264
1051614066928734208
1051627217547972608
1051632909742825472
1051634820613193728
1051642634995826688
1051647827196223488
1051648462272548864
1051648571894771712
1051653806403059712
1051657979370586112
1051662721815666688
1051675502082215936
1051683033634488320
1051685054206816256
1051688655172059136
1051692826013179904
1051709630622167040
1051729194479218688
1051747013870669824
1051748036228067328
1051765482737549312
1051766449373683712
1051780642005032960
1051783307334221824
1051810254411960320
1051818104102227968
1051821724642234368
1051822425183145984
1051824099985485824
1051830225783414784
1051830806975565824
1051843737956089856
1051844021734109184
1051847965323812864
1051853629928419328
1051853777089769472
1051859251805720576
1051862205321207808
1051865281625120768
1051871192871817216
1051875772783308800
1051876553871769600
1051879735834349568
1051882645431316480
1051885238085922816
1051895063142432768
1051902244738789376
1051904416507256832
1051907644481363968
1051909026735419392
1051910535858409472
1051916439299530752
1051916978431102976
1051917466090262528
1051918888995311616
1051920828256800768
1051929338357067776
1051931302205771776
1051937500497944576
1051938976750284800
1051939298205941760
1051940428906291200
1051942409469382656
1051949090555203584
1051952719962009600
1051953226227044352
1051956545007828992
1051961160591990784
1051964764753154048
1051966424372137984
1051970557636427776
1051970671213993984
1051972443416551424
1051977951812771840
1051980151360315392
1051980343958482944
1.051981858031e+18
1051985591422861312
1051987545251287040
1051988121552793600
1051988694704345088
1051989290836742144
1051994220767064064
1051995665658597376
1051995709959036928
1051998606427938816
1051998846371401728
1052000446859104256
1052001976622469120
1052002189080752128
1052002595525427200
1052006375663067136
1052007103852924928
1052011060692180992
1052014847351697408
1052020194489626624
1052023066790846464
1052023349063356416
1052025411654246400
1052029996070576128
1052032205243830272
1052032758854373376
1052044657075597312
1052045079752400896
1052045589154811904
1052048979880435712
1.052051654412e+18
1052061645134913536
